6.7628e-05 -1.06701e-06 9.40171e-06 -1.6833e-08 0.0264242
6.72352e-05 -1.06556e-06 -2.59541e-05 -3.93515e-07 0.0600433
6.56403e-05 -1.0644e-06 -6.13107e-05 -7.63268e-07 0.0949346
6.30429e-05 -1.06325e-06 -7.79526e-05 -1.06551e-06 0.129065
0.00121488 -1.06766e-06 0.033929 -4.53916e-05 0.163043
0.0035218 -1.082e-06 0.0675172 -8.45385e-05 0.197191
0.00698428 -1.10477e-06 0.101536 -6.122e-05 0.231314
0.0116023 -1.13503e-06 0.135532 -5.52665e-05 0.265259
0.0173757 -1.18597e-06 0.169523 -6.88002e-05 0.2995
0.0243047 -1.26049e-06 0.203511 -6.46103e-05 0.333509
0.0323892 -1.35298e-06 0.237498 -5.86124e-05 0.367764
0.0416291 -1.46421e-06 0.271484 -6.50725e-05 0.401887
0.0520246 -1.60065e-06 0.305471 -6.76471e-05 0.435999
0.0635756 -1.76606e-06 0.339457 -6.3047e-05 0.469908
0.0762821 -1.96085e-06 0.373443 -6.21768e-05 0.504059
0.0901441 -2.18504e-06 0.407429 -6.46341e-05 0.5381
0.105162 -2.43968e-06 0.441415 -6.51858e-05 0.572082
0.121335 -2.72697e-06 0.475402 -6.4832e-05 0.606166
0.138663 -3.04895e-06 0.509388 -6.49494e-05 0.640151
0.157147 -3.40686e-06 0.543374 -6.46981e-05 0.674244
0.176785 -3.80004e-06 0.577642 -5.92108e-05 0.708446
0.197579 -4.2271e-06 0.612084 -6.99258e-05 0.742739
0.219527 -4.69438e-06 0.646559 -7.7095e-05 0.776698
0.242631 -5.20401e-06 0.681072 -7.66479e-05 0.810779
0.266891 -5.75493e-06 0.715619 -7.99785e-05 0.844793
0.292305 -6.35281e-06 0.750202 -8.54094e-05 0.878943
0.318876 -7.00205e-06 0.784816 -8.84659e-05 0.912832
0.346601 -7.70134e-06 0.819461 -9.20829e-05 0.946979
0.375482 -8.44874e-06 0.854136 -9.69862e-05 0.980988
0.405519 -9.25574e-06 0.888837 -0.000100826 1.01514
0.43671 -1.01358e-05 0.923673 -9.34806e-05 1.04904
0.469057 -1.11154e-05 0.95845 3.86661e-06 1.08307
0.50256 -1.21437e-05 0.993236 8.05564e-06 1.11706
0.536539 -1.82698e-05 1.00812 -0.0238427 1.15117
0.570518 -4.98861e-05 1.00912 -0.0305701 1.18532
0.604498 -0.000110943 1.01004 -0.0176552 1.21928
0.638478 -0.000195411 1.01094 -0.0176009 1.25342
0.672459 -0.000304945 1.01185 -0.0213609 1.2876
0.706439 -0.000437729 1.01271 -0.018357 1.32157
0.740421 -0.000588834 1.01353 -0.0177597 1.3558
0.774402 -0.000756074 1.01432 -0.000355167 1.38994
0.808383 -0.000926561 1.015 0.00625509 1.42401
0.842364 -0.00109572 1.01568 -0.00242145 1.45796
0.876341 -0.00126546 1.01717 -0.00348887 1.49214
0.910305 -0.00143456 1.02032 -0.00152139 1.52597
0.94427 -0.00160574 1.02281 -0.00197851 1.55999
0.978238 -0.00178258 1.02449 -0.0014828 1.59417
1.01221 -0.00196279 1.02549 0.000162079 1.62824
1.04618 -0.00214207 1.02579 -0.000850268 1.66223
1.08016 -0.00232067 1.0253 -0.00290554 1.69619
1.11415 -0.00250178 1.02399 -0.00268538 1.73009
1.14814 -0.00268674 1.02175 -0.00119215 1.76439
1.18214 -0.00287424 1.01879 -0.000760125 1.79844
1.21614 -0.00306311 1.01738 -0.00235028 1.83261
1.25014 -0.00325365 1.01688 -0.00186948 1.86668
1.28413 -0.00344597 1.01636 -0.0013761 1.90077
1.31813 -0.00364072 1.01578 -0.00135443 1.93493
1.35213 -0.00383766 1.01514 -0.000735108 1.96901
1.38613 -0.00403354 1.01444 0.00794072 2.00292
1.42014 -0.00422066 1.01367 0.00971708 2.03696
1.45414 -0.00439855 1.01288 0.00495814 2.07106
1.48815 -0.0045699 1.01206 0.00536409 2.10505
1.52215 -0.00473375 1.0112 0.00714202 2.13911
1.55616 -0.00489004 1.01032 0.00623915 2.17307
1.59017 -0.00504006 1.00944 0.0060479 2.20694
1.62418 -0.00518222 1.00855 0.010988 2.24102
1.65819 -0.00531183 1.00765 0.0118167 2.27513
1.6922 -0.00542871 1.00678 0.00898731 2.30934
1.72622 -0.00553473 1.00582 0.0092212 2.34332
1.76023 -0.00562912 1.00499 0.0123548 2.37748
1.79425 -0.0057096 1.0042 0.0137833 2.41153
1.82826 -0.00577454 1.00344 0.0160845 2.44566
1.86226 -0.00582148 1.00211 0.0148689 2.47981
1.89546 -0.00585876 0.978061 -0.027712 2.5139
1.92782 -0.00591349 0.952679 -0.00106786 2.54801
1.95939 -0.00596092 0.928459 0.0377569 2.58204
1.99017 -0.00598477 0.905161 0.0216888 2.61605
2.0202 -0.0059818 0.882887 0.0009228 2.64998
2.04949 -0.00597523 0.861111 0.0103499 2.68418
2.07805 -0.00595881 0.839872 0.0198126 2.71808
2.10591 -0.00592573 0.819187 0.0123753 2.7521
2.13309 -0.005882 0.799009 0.00716391 2.78607
2.15959 -0.00583221 0.779547 0.0109641 2.8201
2.18544 -0.00577434 0.76029 0.0127192 2.85433
2.21066 -0.0057075 0.741521 0.00964738 2.88854
2.23525 -0.00563421 0.723211 0.00834119 2.92257
2.25923 -0.00555583 0.705348 0.00957782 2.95666
2.28262 -0.00547198 0.687928 0.00946566 2.99077
2.30543 -0.00538302 0.670939 0.00813145 3.02491
2.32768 -0.00529011 0.654367 0.00777078 3.05903
2.34938 -0.0051938 0.638203 0.00798846 3.093
2.37054 -0.00509424 0.622438 0.00759531 3.127
2.39118 -0.00499187 0.607062 0.00699521 3.16107
2.41131 -0.00488728 0.592065 0.00679404 3.19497
2.43095 -0.00478078 0.577437 0.00666785 3.22907
2.45009 -0.00467264 0.563169 0.00632691 3.26304
2.46877 -0.00456319 0.549254 0.00600326 3.29717
2.48698 -0.00445276 0.535681 0.00582023 3.3313
2.50475 -0.00434158 0.522442 0.00562194 3.36525
2.52207 -0.00422986 0.509531 0.00536287 3.39952
2.53897 -0.00411785 0.496937 0.00514065 3.43351
2.55544 -0.00400575 0.484653 0.00496592 3.46784
2.57151 -0.00389372 0.472672 0.00478054 3.50169
2.58719 -0.00378193 0.460987 0.00458627 3.5359
2.60247 -0.00367054 0.44959 0.00441384 3.56997
2.61738 -0.00355967 0.438473 0.00425618 3.60408
2.63113 -0.00345541 0.404465 0.0042866 3.63804
2.64604 -0.00334022 0.438404 0.00436701 3.67197
2.6621 -0.00321373 0.472342 0.00428536 3.7061
2.67931 -0.0030756 0.50628 0.00425441 3.74014
2.69768 -0.00292553 0.540217 0.00430214 3.77411
2.7172 -0.00276315 0.574155 0.00430078 3.80802
2.73788 -0.00258811 0.608093 0.00426578 3.842
2.7597 -0.00240008 0.642031 0.00426665 3.87605
2.78269 -0.00219872 0.675968 0.00428015 3.91002
2.80682 -0.00198368 0.709906 0.00427289 3.94423
2.83211 -0.0017546 0.743844 0.0042614 3.9784
2.85856 -0.00151116 0.777782 0.00425889 4.01262
2.88615 -0.00125301 0.811719 0.0042596 4.04682
2.91491 -0.000979795 0.845657 0.00426003 4.08091
2.94447 -0.000675786 0.869416 0.149984 4.11492
2.97459 -0.000191129 0.885525 0.445703 4.14901
3.00526 0.000767867 0.90217 0.673811 4.18306
3.03646 0.00246378 0.918979 0.834061 4.21705
3.06816 0.00510757 0.935397 1.05099 4.25117
3.1003 0.00896272 0.951826 1.29207 4.28512
3.1328 0.0143272 0.968487 1.49501 4.31911
3.16552 0.0214705 0.985078 1.69209 4.35319
3.19812 0.0305819 0.995165 1.82026 4.38723
3.23009 0.0416772 0.995294 1.75628 4.42132
3.26135 0.0546679 0.995414 1.69736 4.45553
3.2918 0.0694551 0.99526 1.74935 4.48961
3.32131 0.0860199 0.996862 1.76776 4.52377
3.34977 0.104325 0.999193 1.73329 4.55784
3.37709 0.12428 1.00213 1.73354 4.59199
3.40318 0.145814 1.0059 1.7504 4.62566
3.42793 0.168861 1.01118 1.74635 4.66001
3.45127 0.193339 1.01551 1.74003 4.69392
3.47312 0.219156 1.01877 1.74259 4.72804
3.49332 0.246072 1.02111 1.8075 4.76198
3.51145 0.273599 1.01806 1.77325 4.79615
3.52754 0.301795 1.01283 1.73286 4.83006
3.54062 0.329885 0.994651 1.57501 4.86402
3.55221 0.358604 0.995061 1.43444 4.89816
3.56323 0.387936 0.995496 1.31568 4.93219
3.57414 0.417782 0.996194 1.2225 4.9662
3.58495 0.448052 0.996481 1.13966 5.00025
3.59497 0.478893 1.00805 1.08925 5.03448
3.60387 0.509977 0.991542 1.05406 5.06885
3.61183 0.540576 0.989536 1.01158 5.10287
3.61872 0.571284 0.989182 0.970263 5.13682
3.62457 0.602058 0.989167 0.930777 5.17112
3.62936 0.632872 0.988666 0.895366 5.205
3.63298 0.664101 1.01384 0.832852 5.23899
3.63554 0.696557 1.01487 0.77717 5.273
3.63724 0.729092 1.01703 0.706767 5.30697
3.63842 0.76089 1.01104 0.670995 5.341
3.63864 0.792459 1.01493 0.640844 5.37506
3.63806 0.824049 0.984314 0.646043 5.40922
3.63694 0.855212 0.994567 0.643501 5.44324
3.63513 0.885948 0.997909 0.627899 5.47732
3.63266 0.916397 0.974295 0.581997 5.51153
3.62942 0.946854 0.99056 0.515166 5.54563
3.62529 0.977927 1.02165 0.438867 5.57971
3.62025 1.00968 1.01869 0.352384 5.6139
3.6148 1.0411 1.01287 0.284115 5.64797
3.60908 1.07242 1.00023 0.240621 5.68202
3.60312 1.10355 0.999006 0.217169 5.71605
3.59666 1.13505 1.00602 0.202961 5.75004
3.58959 1.16762 1.01902 0.206673 5.78409
3.5821 1.20027 1.02159 0.183225 5.81813
3.57423 1.23292 1.02288 0.150226 5.8523
3.56608 1.26559 1.02621 0.11017 5.88626
3.5576 1.2983 1.02577 0.0853456 5.92041
3.54878 1.33096 1.02752 0.0923289 5.95442
3.53937 1.36339 1.02356 0.194631 5.98849
3.52975 1.39562 1.0183 0.248489 6.0226
3.5199 1.42764 1.01468 0.262713 6.05682
3.50979 1.4595 1.01154 0.241987 6.09093
3.49939 1.49133 1.00927 0.217129 6.12491
3.48874 1.52314 1.00673 0.1862 6.15897
3.4778 1.55522 1.02095 -0.0105325 6.19306
3.4668 1.58748 1.00815 -0.119384 6.22698
3.45592 1.61974 1.00486 0.0147434 6.26103
3.44504 1.65198 1.00317 0.0428849 6.29498
3.43412 1.68421 1.00194 -0.0389337 6.3291
3.42324 1.71646 1.00073 -0.0334453 6.36316
3.4124 1.74871 1.00043 0.0112947 6.39717
3.40154 1.78096 1.00046 -0.00279251 6.43124
3.3907 1.81321 1.00051 -0.0243193 6.4652
3.37987 1.84547 1.00049 -0.0109521 6.49917
3.36906 1.87774 1.00083 -0.00266592 6.53331
3.35826 1.91 1.00079 -0.0133188 6.56741
3.34747 1.94158 0.97933 1.17591 6.6015
3.33554 1.9727 0.980319 1.46952 6.63572
3.32222 2.00328 0.983266 0.377693 6.66968
3.3087 2.03308 0.96258 0.032084 6.704
3.29547 2.06199 0.934348 0.487299 6.73798
3.28223 2.08982 0.906683 0.414681 6.77207
3.26903 2.11666 0.888828 0.0114291 6.80601
3.25613 2.1428 0.85221 -0.0266057 6.84007
3.24369 2.16807 0.827979 0.0350334 6.87394
3.23165 2.1925 0.809268 -0.122786 6.90802
3.22007 2.21621 0.779496 -0.281805 6.94204
3.2091 2.23925 0.751983 -0.331446 6.97608
3.19874 2.26163 0.727124 -0.376637 7.01018
3.1889 2.28363 0.709001 -0.389839 7.04426
3.17957 2.30523 0.691014 -0.361267 7.07859
3.17075 2.32638 0.673434 -0.328362 7.11256
3.16237 2.34709 0.656684 -0.303765 7.14664
3.15442 2.36736 0.640451 -0.297493 7.18066
3.14686 2.38721 0.624617 -0.289422 7.21481
3.13968 2.40663 0.609158 -0.272906 7.24902
3.13285 2.42564 0.59408 -0.259876 7.28312
3.12635 2.44424 0.579382 -0.251987 7.31709
3.12017 2.46243 0.565046 -0.242115 7.351
3.11429 2.48022 0.551058 -0.230523 7.38508
3.10869 2.49762 0.537417 -0.221181 7.41911
3.10336 2.51462 0.52411 -0.213194 7.45308
3.09828 2.53124 0.511141 -0.204449 7.48712
3.09344 2.54748 0.498485 -0.19577 7.52114
3.08882 2.56335 0.486143 -0.188195 7.55527
3.08441 2.57886 0.474112 -0.181068 7.58948
3.08021 2.59401 0.462375 -0.173879 7.62362
3.0762 2.60881 0.450924 -0.16703 7.65775
3.07237 2.62326 0.439756 -0.160712 7.69195
3.06891 2.63662 0.405737 -0.161985 7.72604
3.06524 2.65111 0.439684 -0.165167 7.76004
3.06138 2.66674 0.473626 -0.163651 7.79486
3.05733 2.68352 0.507559 -0.162237 7.82879
3.05311 2.70144 0.541497 -0.163424 7.86253
3.04874 2.72051 0.575436 -0.163867 7.8965
3.04422 2.74073 0.609374 -0.163002 7.93034
3.03957 2.7621 0.643308 -0.162879 7.96476
3.0348 2.78463 0.677246 -0.163347 7.99878
3.02992 2.80832 0.711186 -0.163285 8.03289
3.02495 2.83316 0.745123 -0.162963 8.06695
3.0199 2.85916 0.77906 -0.162927 8.10104
3.01478 2.88632 0.812997 -0.16304 8.13516
3.0096 2.91465 0.846936 -0.163055 8.16918
3.00441 2.94401 0.876821 -0.221495 8.20325
2.99937 2.974 0.89389 -0.493043 8.23725
2.99476 3.00464 0.911129 -0.778356 8.27119
2.99088 3.03598 0.928745 -0.936731 8.30529
2.98797 3.06802 0.945999 -1.1205 8.3394
2.98626 3.10073 0.963201 -1.37186 8.37343
2.98609 3.13408 0.980594 -1.59184 8.40765
2.98777 3.16798 0.998012 -1.77704 8.44159
2.9915 3.20184 1.00227 -1.79081 8.47574
2.99727 3.23538 0.998379 -1.71326 8.50981
3.00501 3.26853 1.00178 -1.75027 8.54392
3.01472 3.30118 1.00187 -1.75828 8.578
3.02636 3.33319 1.00321 -1.74064 8.61202
3.03987 3.36444 1.00637 -1.73605 8.64608
3.05521 3.39484 1.01035 -1.74672 8.67999
3.07233 3.42426 1.01531 -1.7447 8.71397
3.0911 3.4526 1.01927 -1.75669 8.74806
3.11144 3.47955 1.01993 -1.86406 8.78217
3.1334 3.50511 1.02382 -1.92339 8.81627
3.1565 3.52908 1.02237 -1.87944 8.8502
3.17975 3.55033 1.00059 -1.7973 8.88434
3.2041 3.5693 1.00048 -1.76635 8.91842
3.22965 3.58664 1.00063 -1.74659 8.95259
3.25618 3.60224 0.996692 -1.61004 8.98672
3.2839 3.61646 1.00702 -1.54035 9.02065
3.31242 3.62917 1.00717 -1.48532 9.05481
3.34147 3.64083 1.01272 -1.43018 9.08889
3.37108 3.65206 1.0158 -1.37847 9.12289
3.40114 3.66301 1.01844 -1.34429 9.15675
3.43155 3.67344 0.97942 -1.30171 9.19086
3.46117 3.68187 0.967001 -1.31683 9.22487
3.49035 3.6901 0.962984 -1.33481 9.25904
3.51934 3.69726 0.956542 -1.35089 9.29308
3.54825 3.70291 0.949543 -1.36765 9.32712
3.57704 3.70686 0.942364 -1.38726 9.36116
3.60801 3.70876 1.05478 -1.29202 9.39528
3.64062 3.70932 1.05922 -1.28528 9.4293
3.67335 3.70845 1.06528 -1.279 9.46354
3.70601 3.7062 1.07085 -1.27035 9.49752
3.73505 3.70269 0.925057 -1.2014 9.5317
3.76246 3.69813 0.917411 -1.21817 9.56576
3.78945 3.69211 0.910709 -1.23374 9.5999
3.81594 3.68486 0.906796 -1.24929 9.63386
3.84243 3.67658 0.969411 -1.12855 9.66789
3.86903 3.66696 0.972138 -0.958995 9.70211
3.89616 3.65571 0.960587 -0.718651 9.73605
3.92357 3.64314 1.00137 -0.480969 9.77013
3.95219 3.62882 1.01335 -0.273166 9.80441
3.98042 3.6144 1.00659 -0.0973259 9.83838
4.00861 3.59993 1.00606 0.051955 9.87258
4.03762 3.58428 1.01728 0.133669 9.90673
4.0672 3.56866 1.02511 0.222257 9.94062
4.09716 3.55316 1.03369 0.327667 9.97452
4.1274 3.53793 1.02871 0.406647 10.0086
4.15769 3.52319 1.02334 0.487404 10.0429
4.18814 3.50903 1.01883 0.532105 10.0768
4.21871 3.49548 1.01542 0.530598 10.111
4.24949 3.48249 1.01276 0.505213 10.1452
4.28049 3.47003 1.00942 0.463497 10.1791
4.31174 3.45803 1.00645 0.411367 10.2131
4.34322 3.44643 1.00399 0.354713 10.2471
4.37492 3.43518 1.00225 0.299661 10.2814
4.40682 3.42422 1.00079 0.243558 10.3155
4.43894 3.41348 1.00046 0.191641 10.3494
4.4712 3.40292 1.00105 0.126559 10.3836
4.50358 3.3925 1 0.100363 10.4176
4.536 3.3822 0.998987 0.127078 10.4518
4.56844 3.37203 1.00051 0.127485 10.4857
4.60094 3.362 1.00081 0.103808 10.5198
4.63348 3.35207 1.00074 0.0852529 10.5538
4.66606 3.34225 1.00058 0.087832 10.5879
4.69866 3.33252 1.00063 0.0969361 10.622
4.73129 3.32289 1.00063 0.0786494 10.6561
4.76394 3.31336 1.00061 0.070648 10.69
4.79662 3.3039 1.00057 0.0749092 10.724
4.82932 3.29452 1.00053 0.0739794 10.758
4.86205 3.28523 1.00051 0.065178 10.7919
4.89479 3.276 1.00049 0.0612852 10.826
4.92661 3.26686 1.00318 -1.13094 10.8601
4.95832 3.25662 0.975429 -1.42285 10.8941
4.98937 3.24503 0.972547 -0.325916 10.9282
5.01963 3.23327 0.95503 0.0463909 10.9622
5.04903 3.22183 0.928819 -0.401681 10.9963
5.07743 3.21038 0.899817 -0.33767 11.0305
5.10486 3.19899 0.873217 0.0617645 11.0646
5.13148 3.18797 0.847517 0.0981616 11.0987
5.15729 3.17738 0.820579 0.0360249 11.1329
5.18228 3.16718 0.793431 0.198638 11.1669
5.2065 3.15748 0.767188 0.365159 11.2009
5.23 3.1484 0.740769 0.40605 11.2351
5.25298 3.13988 0.720923 0.37559 11.2692
5.27549 3.13185 0.703157 0.346796 11.3035
5.29755 3.12428 0.685802 0.342419 11.3376
5.31914 3.11714 0.668894 0.333628 11.3716
5.34028 3.11042 0.652422 0.312878 11.4056
5.36097 3.10409 0.636337 0.297542 11.4396
5.38121 3.09811 0.620635 0.289092 11.4736
5.401 3.09247 0.605328 0.277625 11.5078
5.42036 3.08716 0.590398 0.263912 11.5417
5.43928 3.08215 0.575828 0.253158 11.5759
5.45778 3.07741 0.561615 0.243935 11.6099
5.47586 3.07295 0.547755 0.233601 11.644
5.49353 3.06873 0.534235 0.223512 11.678
5.5108 3.06475 0.521039 0.214901 11.7121
5.52766 3.06099 0.508177 0.206631 11.7461
5.54413 3.05744 0.495628 0.19812 11.7802
5.56022 3.05409 0.483387 0.190098 11.8142
5.57593 3.05092 0.471447 0.182794 11.8482
5.59128 3.04792 0.459801 0.175768 11.8823
5.60626 3.04508 0.448441 0.168928 11.9163
5.62089 3.0424 0.43736 0.162481 11.9505
5.63439 3.04001 0.403349 0.163786 11.985
5.64904 3.03749 0.437282 0.167062 12.019
5.66485 3.03487 0.471223 0.165419 12.053
5.68181 3.03215 0.505164 0.163938 12.0872
5.69993 3.02936 0.539099 0.165198 12.121
5.7192 3.0265 0.573036 0.165709 12.1551
5.73963 3.02358 0.606975 0.164887 12.1893
5.76122 3.02063 0.640913 0.16477 12.2232
5.78397 3.01764 0.67485 0.165161 12.2572
5.80788 3.01464 0.708788 0.16506 12.2914
5.83295 3.01164 0.742726 0.164895 12.3255
5.85919 3.00865 0.776663 0.165001 12.3598
5.88659 3.00568 0.810602 0.164953 12.3939
5.91516 3.00275 0.84454 0.164817 12.4279
5.94478 2.99989 0.875306 0.210465 12.4619
5.97499 2.99722 0.891445 0.478025 12.4959
6.00578 2.99501 0.907754 0.772486 12.5301
6.03719 2.99358 0.924633 0.930505 12.5641
6.0692 2.99315 0.941269 1.11018 12.5981
6.10176 2.99397 0.95758 1.36303 12.6322
6.1348 2.99635 0.974161 1.58378 12.6661
6.16822 3.00058 0.990653 1.76639 12.7002
6.20147 3.00684 0.995143 1.79099 12.7343
6.23429 3.0151 0.995328 1.71979 12.7684
6.26656 3.02529 0.995495 1.72225 12.8026
6.29817 3.03733 0.998678 1.76823 12.8365
6.32898 3.05125 1.0031 1.75189 12.8706
6.3589 3.06699 1.00936 1.72628 12.9047
6.38784 3.08447 1.01559 1.7432 12.9388
6.41569 3.10364 1.0203 1.75376 12.9729
6.44218 3.12429 1.02066 1.64813 13.0071
6.46733 3.14627 1.0223 1.54683 13.0411
6.49058 3.16892 0.995781 1.5194 13.0751
6.51148 3.19149 0.99406 1.59245 13.1092
6.53086 3.21516 0.993889 1.63932 13.1432
6.54886 3.23996 0.993963 1.66632 13.1771
6.56615 3.26616 0.999577 1.6181 13.2112
6.58288 3.29314 1.01139 1.58884 13.2452
6.59927 3.321 1.00883 1.56983 13.2793
6.61528 3.34952 1.00964 1.54718 13.3134
6.63061 3.37867 1.01998 1.51363 13.3476
6.64366 3.40784 0.965279 1.49061 13.3818
6.65532 3.43631 0.956411 1.50554 13.4161
6.66551 3.46459 0.949403 1.52116 13.45
6.674 3.49298 0.958747 1.53956 13.484
6.68086 3.52147 0.93549 1.55648 13.518
6.68612 3.5496 0.935691 1.57738 13.5519
6.68967 3.58004 1.10604 1.52993 13.586
6.69133 3.61366 1.09144 1.52526 13.62
6.69114 3.64695 1.07919 1.51805 13.654
6.68909 3.68034 1.07112 1.51068 13.688
6.68532 3.71161 0.917242 1.35673 13.7221
6.68092 3.7388 0.899232 1.37235 13.7562
6.67535 3.76471 0.893258 1.38745 13.7902
6.66815 3.79049 0.885845 1.4023 13.8245
6.6596 3.81603 0.894807 1.41652 13.8585
6.64986 3.841 0.883878 1.43012 13.8927
6.63837 3.86564 0.911594 1.22049 13.9268
6.62518 3.89025 0.966531 0.956404 13.9607
6.6102 3.91558 0.973752 0.590899 13.9948
6.59361 3.94202 1.00983 0.243213 14.0289
6.57642 3.96874 1.01156 -0.026501 14.0629
6.55905 3.99578 1.00607 -0.213108 14.0971
6.54141 4.02359 1.01608 -0.376376 14.1312
6.52378 4.052 1.02663 -0.550962 14.1651
6.50632 4.08098 1.02733 -0.671886 14.1991
6.48933 4.11002 1.02555 -0.728876 14.2331
6.47304 4.13934 1.02077 -0.757759 14.267
6.45756 4.16898 1.01716 -0.742927 14.3011
6.44284 4.19898 1.01399 -0.703242 14.3353
6.42882 4.22933 1.01046 -0.648342 14.3693
6.41545 4.26005 1.00709 -0.582079 14.4035
6.40266 4.29108 1.00075 -0.512723 14.4375
6.39038 4.32242 1.00212 -0.454014 14.4715
6.37856 4.35398 0.996503 -0.401771 14.5056
6.36714 4.38581 1.00151 -0.343469 14.5397
6.35609 4.4178 0.997719 -0.295456 14.5736
6.34534 4.44996 0.998479 -0.263224 14.6077
6.33487 4.48224 0.998887 -0.237273 14.6418
6.32465 4.51464 0.999848 -0.215578 14.6759
6.31465 4.54717 1.00142 -0.177786 14.7101
6.30484 4.57977 1.00122 -0.158131 14.7442
6.29521 4.61242 1.00114 -0.167546 14.7781
6.28577 4.64513 1.00117 -0.165307 14.8122
6.2765 4.67788 1.00115 -0.143513 14.8461
6.2674 4.71067 1.00101 -0.139994 14.8801
6.25846 4.74351 1.001 -0.136839 14.914
6.24966 4.77639 1.00095 -0.129878 14.9482
6.24101 4.8093 1.00091 -0.120857 14.9822
6.2325 4.84225 1.00085 -0.115658 15.0164
6.22411 4.87523 1.00081 -0.114522 15.0506
6.21583 4.90749 0.98564 1.08598 15.0848
6.20649 4.93937 0.975189 1.4687 15.1189
6.19573 4.97078 0.975628 0.402685 15.1529
6.18463 5.0016 0.96422 -0.0795563 15.1869
6.17384 5.03158 0.937386 0.353213 15.221
6.16307 5.06054 0.908286 0.359349 15.2551
6.15231 5.08856 0.883202 -0.0475613 15.289
6.14186 5.11578 0.857598 -0.127734 15.3231
6.13185 5.14219 0.830594 -0.0511801 15.3571
6.12223 5.16778 0.804088 -0.18938 15.3912
6.11307 5.1926 0.778319 -0.371329 15.4252
6.10451 5.2167 0.752144 -0.424273 15.4593
6.09657 5.24014 0.727866 -0.445529 15.4933
6.08916 5.26311 0.709833 -0.43561 15.5274
6.08227 5.28561 0.69226 -0.395918 15.5613
6.07584 5.30765 0.675124 -0.377907 15.5957
6.06985 5.32922 0.658445 -0.374129 15.6296
6.06427 5.35033 0.642164 -0.357024 15.6638
6.05908 5.37098 0.626264 -0.335634 15.6977
6.05425 5.39118 0.610765 -0.323738 15.7318
6.04976 5.41093 0.595656 -0.313618 15.766
6.04558 5.43023 0.580911 -0.298819 15.7999
6.04169 5.4491 0.566527 -0.28498 15.834
6.03808 5.46754 0.552502 -0.274783 15.8681
6.03472 5.48555 0.538824 -0.264392 15.902
6.03161 5.50314 0.525472 -0.252744 15.936
6.02872 5.52032 0.512465 -0.242263 15.9701
6.02604 5.5371 0.499774 -0.233167 16.0042
6.02356 5.55349 0.487396 -0.224047 16.0386
6.02126 5.56949 0.475323 -0.214971 16.0728
6.01913 5.5851 0.463548 -0.206624 16.1068
6.01716 5.60035 0.452065 -0.198781 16.1408
