6.38638e-05 -1.01124e-06 2.86517e-06 -7.65853e-08 0.0681005
6.38624e-05 -1.01127e-06 4.33414e-06 -5.64086e-08 0.100785
0.00121858 -1.01263e-06 0.0340307 2.41657e-05 0.133496
0.00352863 -1.01259e-06 0.0676115 -1.32474e-05 0.166737
0.00699421 -1.01285e-06 0.101626 -2.22147e-05 0.362682
0.0173917 -1.00296e-06 0.169611 -5.33808e-06 0.577805
0.0763158 -8.39319e-07 0.373527 -8.87946e-06 0.800854
0.121377 -5.93204e-07 0.475484 -1.0997e-05 0.894521
0.211679 0.00237367 0.549457 0.677742 1.08248
0.329976 0.0183091 0.627745 -0.161741 1.27061
0.567816 0.0452121 0.642941 -0.73414 1.63454
0.589606 0.0456622 0.642725 -0.813246 1.68009
1.01903 -0.0518698 0.946145 -0.726061 2.31004
1.16866 -0.131153 1.00106 -0.695809 2.47661
1.83459 -0.645651 0.998772 0.695061 3.33042
2.45104 -0.802044 0.720642 0.701993 4.01707
2.47554 -0.801224 0.72065 0.699397 4.02612
2.94726 -0.668766 0.998304 0.696219 4.67531
2.97726 -0.652921 0.996208 0.704209 4.70383
3.63874 -0.141795 1.00081 -0.695492 5.56735
4.31196 0.0779984 1.00022 -0.15645 6.27249
4.47926 0.108588 1.00007 -0.157796 6.46266
5.24498 0.299752 0.87782 0.694716 7.29514
5.66489 0.663019 0.85473 0.702228 7.93495
5.72872 0.760118 0.854882 0.703489 8.08328
5.77034 0.836707 0.854878 0.703412 8.17368
5.795 0.889348 0.854872 0.701463 8.24634
5.81713 0.943111 0.855092 0.701507 8.31817
5.84546 1.02558 0.85511 0.701484 8.41768
5.8616 1.08362 0.885896 0.703963 8.48989
5.88082 1.173 0.905248 0.646722 8.58017
5.89027 1.23259 0.892968 0.553305 8.67084
5.9003 1.32236 0.889122 0.455119 8.76174
5.9061 1.41231 0.887243 0.423256 8.87998
5.90812 1.50085 0.863319 0.335226 8.98112
5.90774 1.559 0.850326 0.259581 9.03728
5.90715 1.58791 0.852441 0.216129 9.08311
5.90534 1.64554 0.844099 0.157081 9.15647
5.9029 1.70289 0.844096 0.166056 9.22096
5.89582 1.84245 0.821906 -0.0841239 9.38532
5.89124 2.03728 0.812926 -0.203814 9.63067
5.89229 2.12022 0.812982 -0.213039 9.73168
5.89514 2.2026 0.807855 -0.219717 9.83348
5.89983 2.2849 0.807888 -0.220905 9.93559
5.90616 2.36633 0.78903 -0.153874 10.0407
5.91626 2.47103 0.761917 -0.156801 10.1473
5.92472 2.54779 0.755101 -0.0641614 10.2523
5.94243 2.69861 0.739273 0.00559021 10.4772
5.96468 2.89498 0.719783 0.0599697 10.7292
5.96967 2.94369 0.719762 0.0766337 10.8038
5.97205 2.96782 0.713103 0.0921373 10.8229
5.97657 3.01612 0.71308 0.0896413 10.8983
5.9808 3.06444 0.713123 0.0941834 10.9731
5.99153 3.20767 0.682352 0.090349 11.1955
6.00092 3.38895 0.66268 0.0925797 11.4424
6.00574 3.56842 0.659029 0.082113 11.7152
6.00684 3.72356 0.644051 0.0595989 11.9627
6.00605 3.85308 0.625313 0.0323565 12.1814
6.0056 3.89563 0.625653 0.0165302 12.2547
6.0051 3.93819 0.625724 0.027176 12.3191
6.00457 3.97954 0.608569 -0.0320885 12.3834
6.0041 4.02089 0.608145 -0.00257534 12.4292
6.00366 4.06225 0.608166 -0.0151282 12.5204
6.00297 4.18084 0.574374 -0.0555498 12.7142
6.00302 4.21955 0.569778 -0.0556444 12.7893
6.00323 4.25798 0.565613 -0.0545275 12.8571
6.00356 4.29628 0.563745 -0.0283614 12.9253
6.00397 4.33459 0.564004 -0.0412923 12.9931
6.00449 4.37289 0.563823 -0.0358112 13.0593
6.00511 4.41093 0.560032 -0.03783 13.1262
6.00581 4.44875 0.547765 -0.0151873 13.1906
6.00654 4.48569 0.543298 -0.0160611 13.256
6.0073 4.52237 0.539482 -0.00328833 13.3216
6.00806 4.55878 0.536138 -0.00388102 13.3862
6.00882 4.59493 0.53164 0.0048282 13.4507
6.0092 4.61286 0.528232 0.00576111 13.4967
6.00993 4.64861 0.524496 0.0118341 13.5618
6.01064 4.68409 0.520649 0.0148122 13.627
6.01098 4.70177 0.519919 0.0162139 13.6732
6.0113 4.71931 0.516619 0.0174037 13.7197
6.01193 4.75426 0.512169 0.019279 13.7849
6.0125 4.78896 0.508433 0.020597 13.8502
6.01301 4.82328 0.5047 0.0249213 13.9149
6.01347 4.85748 0.503647 0.0201791 13.9804
6.01388 4.8913 0.496265 0.0199851 14.0459
6.01423 4.92487 0.493773 0.0181203 14.1113
6.01455 4.95833 0.492353 0.0207645 14.1756
6.01482 4.99154 0.488418 0.018154 14.2412
6.01504 5.02452 0.485446 0.0174315 14.3164
6.0153 5.07352 0.477968 0.0147551 14.4111
6.01549 5.12203 0.474373 0.011576 14.5059
6.01559 5.15406 0.470972 0.0105936 14.5721
6.01562 5.16996 0.468193 0.00913892 14.6378
6.01571 5.20443 0.545994 -0.184339 14.7032
6.01611 5.23811 0.478311 -0.118266 14.7692
6.01681 5.26965 0.464644 -0.149214 14.8345
6.01778 5.30102 0.459016 -0.125316 14.8992
6.01903 5.33206 0.454448 -0.160983 14.9644
6.03251 5.51253 0.435853 -0.0904158 15.357
6.03713 5.5567 0.43535 -0.0942617 15.4688
6.03876 5.57141 0.435333 -0.0961914 15.5247
6.04218 5.60081 0.435323 -0.0970399 15.5821
