5.98625e-05 -9.97065e-07 1.56366e-06 -7.95509e-08 0.00127406
5.98662e-05 -9.97136e-07 3.61367e-06 -7.04116e-08 0.0354625
0.00121473 -9.731e-07 0.0340444 0.0042952 0.259629
0.00699044 5.13722e-07 0.101629 0.00282181 0.465788
0.0636032 4.96597e-05 0.339544 0.00358949 0.691021
0.121374 0.000136144 0.475486 0.0036156 0.8233
0.27926 0.00148124 0.602047 0.202524 1.09374
0.384789 0.0048959 0.638798 -0.143639 1.28074
0.937484 -0.0432194 0.826967 -0.622809 2.02452
1.54972 -0.388042 1.00109 -0.499828 2.79532
2.08245 -0.953049 0.998526 0.618933 3.60863
2.73151 -1.27295 0.549782 0.707837 4.49149
3.09161 -1.24061 0.523242 0.697963 5.16197
3.10838 -1.23465 0.523205 0.697427 5.20768
3.45524 -0.986065 0.895477 0.732784 5.88583
3.49698 -0.937166 0.96263 0.727862 5.94996
4.07867 -0.0349596 1.00089 -0.714865 7.0274
4.51825 0.237037 0.797271 -0.707295 7.56191
4.93782 0.283557 0.796775 -0.708016 8.2679
5.15002 0.240506 0.968892 0.154625 8.49144
5.75879 0.220671 0.644038 0.701049 9.24197
5.92329 0.278833 0.643736 0.695767 9.53555
6.07769 0.371347 0.565474 0.703881 9.83059
6.38014 0.742204 0.805863 0.711825 10.4795
6.43464 0.867961 0.807902 0.704965 10.6545
6.46728 0.972727 0.808498 0.699273 10.7847
6.49453 1.11215 0.849591 0.720167 10.9513
6.50477 1.25923 0.877905 0.720847 11.1061
6.50383 1.31811 0.868377 0.70605 11.1994
6.49713 1.40631 0.867981 0.690793 11.2862
6.48462 1.49273 0.860044 0.576051 11.3877
6.46045 1.60544 0.844429 0.387065 11.5149
6.4163 1.76963 0.839037 -0.00547484 11.724
6.35389 2.01384 0.821806 -0.236433 12.0321
6.30743 2.2856 0.809749 -0.3183 12.3797
6.29334 2.47364 0.790476 -0.37519 12.6081
6.29227 2.52741 0.792289 -0.36658 12.702
6.29314 2.60625 0.763352 -0.336504 12.7954
6.29847 2.71007 0.763365 -0.335272 12.9091
6.30775 2.81075 0.724088 -0.0420751 13.0565
6.31779 2.90834 0.718375 0.0683562 13.1834
6.32509 2.98098 0.709914 0.112609 13.3101
6.33377 3.07673 0.697601 0.217068 13.4376
6.34023 3.17097 0.685198 0.29023 13.5655
6.34359 3.26334 0.674116 0.296007 13.7121
6.34358 3.35459 0.667869 0.297364 13.8506
6.34014 3.44484 0.657337 0.26817 13.9692
6.3372 3.4894 0.656595 0.291189 14.0616
6.33348 3.53345 0.646237 0.218734 14.1273
6.32908 3.57721 0.648127 0.260162 14.1921
6.32403 3.62046 0.63609 0.15954 14.2572
6.31849 3.66343 0.637882 0.207522 14.3223
6.31247 3.70602 0.62829 0.0976883 14.3872
6.30627 3.74796 0.620411 0.0645092 14.4518
6.29996 3.78936 0.615537 0.0387129 14.5165
6.2936 3.83044 0.611078 0.0188115 14.5813
6.28724 3.87124 0.606871 -0.0147452 14.6465
6.2841 3.89149 0.602485 -0.0212062 14.7119
6.27788 3.93186 0.59797 -0.0468627 14.7767
6.27184 3.97194 0.593654 -0.0565315 14.8455
6.26599 4.01177 0.58938 -0.0700692 14.9126
6.26036 4.05133 0.584806 -0.071559 14.9776
6.25497 4.09064 0.580885 -0.0787101 15.0421
6.24985 4.12955 0.577199 -0.076822 15.1065
6.24495 4.16835 0.575003 -0.0784298 15.1705
6.24028 4.20689 0.570889 -0.0733433 15.2346
6.23584 4.24518 0.566816 -0.0684472 15.2983
6.2316 4.2832 0.562575 -0.0585383 15.3625
6.22955 4.30208 0.55857 -0.0531888 15.4082
6.22754 4.32097 0.558946 -0.0507787 15.4537
6.22364 4.35849 0.554985 -0.0436712 15.5185
6.21987 4.39574 0.550938 -0.0316245 15.5819
6.21621 4.43275 0.547073 -0.0245989 15.6456
6.21263 4.4695 0.543231 -0.0150472 15.7095
6.20913 4.50585 0.535508 0.00536406 15.8013
6.20391 4.55993 0.531739 0.00553336 15.8926
6.20044 4.59578 0.527861 0.0143146 15.9563
6.19697 4.63136 0.524154 0.0194138 16.0202
6.19347 4.66668 0.520139 0.0222279 16.0842
6.18995 4.70175 0.516429 0.0263765 16.1482
6.18637 4.73668 0.51636 0.0253557 16.2126
6.18458 4.75402 0.512675 0.0281354 16.2781
6.18095 4.7885 0.506951 0.0326624 16.3438
6.17729 4.82265 0.503998 0.0319168 16.4097
6.17357 4.85656 0.500429 0.0310915 16.4751
6.16982 4.89022 0.49681 0.029734 16.5418
6.16602 4.92364 0.493193 0.0285474 16.6074
6.1622 4.95669 0.489661 0.025628 16.6733
6.15833 4.98963 0.487867 0.0253813 16.7398
6.15249 5.03854 0.481042 0.0201229 16.8345
6.14661 5.08698 0.477203 0.0168787 16.9293
6.14268 5.11896 0.474345 0.0137694 17.023
6.13678 5.16646 0.467632 0.00951479 17.1165
6.1302 5.21914 0.627113 -0.0699361 17.2094
6.12547 5.25806 0.55909 -0.0421942 17.3005
6.11966 5.30797 0.461303 -0.10982 17.3916
6.11476 5.35437 0.455878 -0.122441 17.4829
6.1008 5.56511 0.436305 -0.132228 17.9668
6.09993 5.59473 0.436112 -0.128491 18.0436
