6.14265e-05 -1.00708e-06 2.70576e-06 -7.69748e-08 0.0293186
6.1423e-05 -1.00703e-06 2.02227e-06 -7.8471e-08 0.0649375
6.14303e-05 -1.0071e-06 1.43452e-06 -7.99439e-08 0.0995478
6.14462e-05 -1.00714e-06 3.03935e-06 -6.0403e-08 0.133124
0.00121606 -1.00936e-06 0.0334612 2.19553e-05 0.166533
0.00352626 -1.01183e-06 0.0676141 -1.4697e-05 0.27439
0.00699187 -1.01564e-06 0.101627 -2.14779e-05 0.386976
0.0116129 -1.01713e-06 0.135622 -3.23553e-06 0.501289
0.188353 -0.00871725 0.420514 -0.690097 1.10708
0.257996 -0.0249732 0.420561 -0.696174 1.27385
0.285235 -0.0337682 0.420603 -0.698064 1.32885
0.339136 -0.0555526 0.447189 -0.702636 1.47419
0.407211 -0.0919646 0.4812 -0.702559 1.63794
0.603318 -0.257527 0.609775 0.200924 2.12977
1.08124 -0.553095 0.589709 0.697298 3.06694
1.46292 -0.549741 0.241589 0.712358 3.96862
1.59507 -0.447772 0.144507 0.696402 4.89469
1.61698 -0.400666 -0.0897648 0.709569 5.46211
1.61014 -0.528544 0.0759272 -0.492798 6.20874
1.71095 -0.307302 0.694771 -0.451003 6.81053
1.72338 -0.286885 0.713261 -0.256989 6.83112
2.02705 0.0833224 0.219526 -0.696096 7.95685
2.13643 0.124092 0.359386 -0.6808 8.42555
2.34115 0.137423 0.696164 -0.356484 8.79712
3.17622 0.100646 0.820745 0.390747 9.77507
3.28542 0.114828 0.824084 0.45554 9.92136
3.31242 0.119406 0.8235 0.488087 9.93093
3.3926 0.13583 0.822532 0.521296 10.0506
3.67221 0.234257 0.999035 0.788675 10.3906
4.14847 0.601977 1.00076 -0.39522 11.0118
4.30865 0.728596 1.00111 -0.390033 11.2154
4.39241 0.786991 1.00101 -0.392731 11.3076
4.52754 0.870984 0.880216 -0.16382 11.4782
4.89764 1.08319 0.691564 0.277286 12.1121
5.17451 1.30294 0.607203 0.532562 12.6513
5.22883 1.36491 0.602925 0.582525 12.7974
5.27798 1.43133 0.611795 0.619528 12.9345
5.30051 1.46611 0.611897 0.63601 12.9908
5.32047 1.50005 0.561395 0.664103 13.0461
5.33896 1.53487 0.56088 0.692173 13.1211
5.35566 1.5698 0.561327 0.703273 13.1964
5.37034 1.60553 0.569679 0.688503 13.2705
5.40414 1.71707 0.565251 0.739646 13.4777
5.41878 1.80936 0.539675 0.72418 13.6448
5.42191 1.86433 0.540125 0.716154 13.7193
5.42108 1.92068 0.567774 0.279648 13.8505
5.41802 1.97813 0.559732 -0.0529478 13.9245
5.41463 2.03551 0.566596 -0.0602392 14.0345
5.41148 2.09436 0.58383 -0.0608666 14.1475
5.4096 2.13435 0.593725 -0.0614035 14.223
5.40735 2.19393 0.567528 -0.425367 14.327
5.40934 2.28931 0.560594 -0.59436 14.4731
5.41745 2.36398 0.553716 -0.551721 14.6128
5.42358 2.40092 0.548305 -0.532228 14.687
5.43518 2.45562 0.547713 -0.511375 14.7803
5.4554 2.52808 0.556407 -0.680542 14.9187
5.48191 2.59963 0.555157 -0.251947 15.0488
5.528 2.70377 0.559857 -0.346235 15.2528
5.60657 2.85391 0.553205 -0.0452889 15.5745
5.64235 2.91935 0.548704 0.0484474 15.7127
5.68643 3.00157 0.549472 0.052699 15.8785
5.70342 3.03383 0.53018 0.260237 15.952
5.72788 3.08276 0.535101 0.33464 16.0623
5.74923 3.12973 0.499593 0.541082 16.1544
5.76227 3.1622 0.498157 0.609079 16.2283
5.77397 3.19515 0.499359 0.636725 16.3021
5.78419 3.22818 0.502313 0.596369 16.348
5.79296 3.26127 0.505432 0.528163 16.4212
5.80257 3.29395 0.500694 0.534496 16.4945
5.81174 3.32663 0.498028 0.514235 16.5679
5.81979 3.36012 0.498121 0.464877 16.6412
5.83061 3.41038 0.496481 0.373476 16.7169
5.83682 3.44382 0.492385 0.296902 16.793
5.84291 3.47724 0.491688 0.233225 16.8692
5.85125 3.52747 0.492205 0.157562 16.9627
5.85852 3.57779 0.492826 0.0914606 17.0651
5.86433 3.6281 0.488123 -0.0452283 17.166
5.86785 3.66132 0.487826 -0.0920112 17.2398
5.87182 3.71104 0.48576 -0.117651 17.351
5.87484 3.7935 0.483845 -0.140644 17.519
5.87758 3.84259 0.480369 -0.163468 17.6228
5.88113 3.89145 0.480362 -0.149312 17.726
5.88552 3.9402 0.479822 -0.155169 17.8285
5.89061 3.98873 0.477701 -0.127677 17.9306
5.89629 4.03687 0.473978 -0.0768788 18.0335
5.90241 4.08467 0.471486 -0.0463555 18.1368
5.90665 4.11636 0.471025 -0.0506614 18.2125
5.91099 4.14798 0.468289 -0.0402089 18.2597
5.91317 4.16371 0.468654 -0.0202484 18.3067
5.91976 4.21085 0.466452 0.00933017 18.3913
5.92841 4.2734 0.463075 0.0492931 18.5331
5.9326 4.30469 0.464122 0.0961311 18.5996
5.94035 4.36708 0.461774 0.0938165 18.7404
5.95041 4.46053 0.459342 0.104594 18.9378
5.95846 4.55313 0.45491 0.0951198 19.1346
5.96371 4.63018 0.45196 0.0803642 19.3336
5.96848 4.72211 0.448672 0.0538231 19.5318
5.97202 4.81321 0.443321 0.0159542 19.7344
5.97303 4.84341 0.443761 0.0282938 19.8011
5.974 4.8736 0.445225 0.0273728 19.8709
5.97539 4.9186 0.441158 0.00190276 19.9747
5.97632 4.94859 0.441416 0.00107057 20.0434
5.97724 4.97848 0.437148 -0.0252709 20.1115
5.97922 5.03752 0.432712 -0.0432614 20.2274
5.97976 5.05222 0.432731 -0.0458979 20.277
5.98099 5.08419 0.520369 0.215874 20.3261
5.98186 5.11577 0.480474 -0.0762676 20.3957
5.98296 5.14548 0.437987 -0.372639 20.4948
5.9857 5.18952 0.418505 -0.356386 20.5934
5.98975 5.23316 0.411186 -0.323399 20.6916
5.99521 5.27639 0.41624 -0.320352 20.7906
6.0022 5.3192 0.426924 -0.372281 20.8877
6.01071 5.36158 0.429598 -0.295718 20.9818
6.0171 5.38963 0.424283 -0.265517 21.047
6.05876 5.54013 0.41438 0.0331789 21.4345
6.0746 5.59404 0.413085 0.028081 21.5608
