6.07174e-05 -1.0058e-06 3.15378e-06 -6.9938e-08 0.401165
6.07322e-05 -1.00589e-06 4.61278e-06 -5.12147e-08 0.403107
6.07269e-05 -1.00586e-06 3.86618e-07 -9.19947e-08 0.404089
6.0716e-05 -1.00588e-06 3.73161e-06 -7.04075e-08 0.405066
6.07026e-05 -1.00592e-06 1.2216e-06 -7.52781e-08 0.405886
6.06962e-05 -1.00591e-06 3.36611e-06 -6.04725e-08 0.406434
6.06948e-05 -1.00591e-06 4.41041e-06 -6.12791e-08 0.40696
6.07024e-05 -1.00588e-06 3.78198e-06 -6.54806e-08 0.407501
6.07203e-05 -1.00583e-06 3.14482e-06 -6.97774e-08 0.408032
6.07455e-05 -1.00592e-06 3.41081e-06 -5.73754e-08 0.408579
6.07424e-05 -1.00581e-06 1.70253e-06 -8.30647e-08 0.414254
0.00121529 -1.00865e-06 0.0334982 2.39507e-05 0.522828
0.00352555 -1.01199e-06 0.0676004 -1.71377e-05 0.630836
0.0069911 -1.01651e-06 0.101625 -2.09199e-05 0.76142
0.0416509 -1.0089e-06 0.27157 -8.08132e-06 1.01603
0.0763126 -9.33678e-07 0.373526 -8.71912e-06 1.12527
0.176363 1.849e-05 0.563305 0.201411 1.30697
0.286578 0.0057492 0.557193 0.314472 1.50969
0.539479 0.036697 0.703915 -0.0708198 1.92694
0.589952 0.0418417 0.758508 -0.336621 2.00802
0.616079 0.0441291 0.77363 -0.591449 2.01744
1.07924 0.0145061 0.975254 -0.472035 2.61795
1.3709 -0.0761191 1.00118 -0.696272 2.92636
1.69479 -0.258688 0.992509 -0.224754 3.28382
1.77704 -0.314369 0.998016 0.505214 3.37757
2.30369 -0.535766 0.582106 0.629676 4.08411
2.7632 -0.489988 0.61075 0.697916 4.86386
3.06486 -0.287779 0.203025 0.723981 5.59704
3.07662 -0.271627 0.139882 0.691917 5.759
3.07918 -0.267608 0.139876 0.690582 5.76827
3.10444 -0.188027 0.30893 0.697282 6.38614
3.10618 -0.0418192 0.614455 0.697723 6.6967
3.10408 -0.0198713 0.649388 0.697684 6.72424
3.10132 0.00316652 0.684555 0.697509 6.73338
3.09785 0.0272748 0.719953 0.697134 6.74259
3.09361 0.0524316 0.755643 0.696483 6.75163
3.08856 0.0786134 0.791696 0.696027 6.76071
2.964 0.621137 1.00722 -0.671751 7.49424
3.00699 1.06374 0.96057 -0.688908 7.94963
3.01542 1.09395 0.960754 -0.68336 7.95911
3.02384 1.1249 0.976517 -0.680501 7.96866
3.03211 1.15639 0.980408 -0.69209 8.0265
3.04091 1.18783 0.983875 -0.707498 8.08314
3.06035 1.24995 0.982621 -0.735154 8.17662
3.09506 1.3402 0.982965 -0.906919 8.26969
3.13955 1.42869 1.01521 -0.907075 8.36086
3.23144 1.56837 0.994389 -0.708462 8.52633
3.33864 1.695 0.974862 -0.531615 8.69042
3.50085 1.85239 0.96348 -0.0751552 8.9574
3.54942 1.89666 0.968342 0.0596266 9.01779
3.71932 2.05789 0.988582 0.269756 9.26357
3.8353 2.1814 0.999623 0.302456 9.42617
4.04131 2.44536 0.971943 0.326542 9.74885
4.187 2.67808 0.891878 0.273565 10.0705
4.22966 2.75579 0.856469 0.223759 10.181
4.32051 2.93818 0.855066 0.232569 10.4149
4.35453 3.01354 0.803429 0.00830169 10.5145
4.42851 3.18004 0.7693 -0.0371901 10.7403
4.44949 3.22669 0.759238 -0.0751734 10.8091
4.50178 3.3395 0.739273 -0.125059 10.9946
4.58939 3.51082 0.703653 -0.264317 11.2667
4.63601 3.5923 0.706211 -0.178424 11.382
4.67218 3.65268 0.692364 -0.158521 11.4848
4.70938 3.71242 0.685543 -0.156244 11.5844
4.74687 3.77055 0.672265 -0.13385 11.6862
4.82101 3.88211 0.638665 0.0463085 11.8983
4.90434 4.00839 0.629089 0.0820194 12.1451
4.92753 4.04431 0.629037 0.0744487 12.2092
4.95042 4.08015 0.621934 0.104215 12.2745
4.97294 4.11594 0.621808 0.0955517 12.3602
5.02813 4.20603 0.620682 0.0855633 12.5278
5.10863 4.34455 0.58232 0.100762 12.7768
5.17487 4.46553 0.578396 0.0862445 13.0265
5.22918 4.56952 0.567514 0.0533223 13.2512
5.25539 4.62112 0.56739 0.0627218 13.3443
5.27243 4.65513 0.551209 0.0168847 13.4115
5.28915 4.68867 0.551738 0.0309547 13.4789
5.30583 4.72224 0.55196 0.0136589 13.5454
5.32226 4.75542 0.538601 -0.0218947 13.6115
5.33854 4.78819 0.538679 -0.0146147 13.6768
5.35481 4.82065 0.53423 -0.177742 13.7423
5.37121 4.85256 0.524774 -0.10989 13.8109
5.38775 4.88408 0.518454 -0.151419 13.886
5.43844 4.97618 0.508374 -0.151184 14.0835
5.46435 5.02087 0.499448 -0.135097 14.1802
5.49055 5.06469 0.500901 -0.122265 14.275
5.50831 5.09364 0.501928 -0.122108 14.3426
5.53536 5.13671 0.496421 -0.104691 14.4456
5.5536 5.16512 0.495886 -0.108801 14.5395
5.5813 5.20769 0.484339 -0.0515994 14.6344
5.66865 5.34163 0.463584 0.0564752 14.9615
5.6855 5.36799 0.460019 0.0863789 15.0296
5.69387 5.3812 0.459978 0.073465 15.0769
5.70221 5.39443 0.45998 0.0698104 15.1153
5.71051 5.40768 0.459938 0.0779679 15.1557
5.72702 5.43425 0.459857 0.0733775 15.1941
5.73522 5.44756 0.459831 0.0745791 15.2533
5.75957 5.48757 0.458149 0.154864 15.3303
5.77567 5.51462 0.467781 -0.16207 15.4069
5.79096 5.54015 0.433341 0.261836 15.4853
5.79842 5.55277 0.431013 0.192162 15.5231
5.80581 5.56544 0.431367 -0.00850979 15.5614
5.81316 5.57808 0.430038 0.0796126 15.6
5.82761 5.60322 0.426378 0.100177 15.6384
5.83476 5.61584 0.426568 0.0672598 15.677
5.84185 5.62843 0.424877 0.105513 15.7157
