6.27288e-05 -1.00204e-06 3.45703e-06 -6.79572e-08 0.00015739
6.27398e-05 -1.00207e-06 3.73184e-06 -5.97276e-08 0.033435
0.0012169 -9.46534e-07 0.0334286 0.00476505 0.0675038
0.00352635 -5.97609e-07 0.067592 0.00608657 0.101334
0.00699131 6.82594e-07 0.10161 0.00314082 0.13534
0.0116118 2.85913e-06 0.135606 0.0031502 0.169532
0.0173878 6.35772e-06 0.169593 0.00475534 0.203401
0.0243191 1.15403e-05 0.203581 0.00433394 0.412542
0.032406 1.86897e-05 0.237568 0.00364842 0.579384
0.374291 0.0225899 0.539812 0.413568 1.31037
0.499101 0.0521828 0.540233 0.406615 1.54945
0.919785 0.269894 0.657893 -0.680081 2.40531
1.37823 0.348458 0.453798 -0.698103 3.25036
1.45359 0.331798 0.45376 -0.696413 3.41438
1.4684 0.327401 0.453748 -0.696636 3.45984
1.59994 0.268578 0.353101 -0.695972 3.81623
1.70785 0.183862 0.624075 -0.696639 4.10712
2.00077 -0.186413 0.997929 0.670142 4.6495
2.5229 -0.572737 0.590852 0.691289 5.41222
2.86299 -0.608284 0.426359 0.684883 6.13039
2.96118 -0.583505 0.425143 0.701446 6.38151
3.13496 -0.478564 0.459635 0.698945 7.01325
3.19997 -0.408732 0.629029 0.698471 7.16924
3.22824 -0.373115 0.677532 0.383347 7.25188
3.81088 0.222804 1.00105 -0.708116 8.26448
4.02046 0.335307 1.00039 -0.734604 8.48009
4.67017 0.462777 0.93926 0.712304 9.246
4.82594 0.497229 0.938786 0.705478 9.42469
5.33722 0.786316 0.73958 0.716081 10.1454
5.58986 1.18777 0.740967 0.69398 10.7648
5.62429 1.30884 0.740528 0.701061 10.9372
5.63397 1.35816 0.738388 0.740005 11.011
5.64384 1.43279 0.739096 0.725576 11.1029
5.64755 1.48578 0.787789 0.710698 11.1951
5.64734 1.59215 0.784833 0.528769 11.3259
5.63025 1.8009 0.761688 -0.0309263 11.6096
5.62108 1.90261 0.739454 -0.171337 11.7462
5.60741 2.12742 0.729438 -0.259381 12.0442
5.60962 2.27409 0.717021 -0.488031 12.2373
5.61848 2.37121 0.717025 -0.458002 12.3808
5.63322 2.46725 0.714324 -0.458779 12.4971
5.64284 2.51488 0.714343 -0.460898 12.5699
5.65373 2.56174 0.706003 -0.337729 12.6528
5.67218 2.63118 0.701246 -0.159671 12.7652
5.69905 2.72167 0.691788 -0.0423884 12.9017
5.73311 2.83122 0.668406 0.103942 13.0716
5.77655 2.98263 0.654535 0.263941 13.2937
5.79784 3.06884 0.647041 0.307507 13.4242
5.81572 3.15459 0.643816 0.297485 13.5536
5.82689 3.21903 0.634943 0.302915 13.6833
5.83602 3.28317 0.634969 0.293998 13.7578
5.83864 3.30457 0.633664 0.233649 13.8227
5.84327 3.34663 0.621835 0.262126 13.8873
5.84715 3.38845 0.616489 0.202847 13.9519
5.8504 3.4301 0.613665 0.226515 13.9981
5.85178 3.45063 0.608808 0.152682 14.0632
5.85424 3.49186 0.606994 0.137444 14.1288
5.85632 3.53234 0.595128 0.0893909 14.1943
5.85812 3.57266 0.59365 0.0602826 14.2592
5.85974 3.61283 0.590554 0.0414439 14.324
5.86125 3.65283 0.587321 -0.00955238 14.389
5.86277 3.69246 0.583497 -0.019398 14.4666
5.86434 3.73197 0.581471 -0.0364399 14.5313
5.86601 3.77124 0.578014 -0.0472994 14.5961
5.86779 3.81027 0.575101 -0.0631565 14.6618
5.86974 3.84905 0.571054 -0.0658035 14.726
5.87184 3.8876 0.568176 -0.0746975 14.7897
5.87413 3.92591 0.564811 -0.0745681 14.8537
5.8766 3.96399 0.561527 -0.0712503 14.9177
5.87924 4.00182 0.55806 -0.067099 14.989
5.88203 4.03942 0.554853 -0.0621854 15.0596
5.88496 4.07678 0.551044 -0.0558882 15.1265
5.88957 4.13236 0.545266 -0.0422089 15.2227
5.89277 4.16915 0.541424 -0.0341208 15.3186
5.89769 4.22393 0.538052 -0.0205871 15.413
5.90267 4.27817 0.532353 -0.00791191 15.5078
5.90769 4.33216 0.531393 0.0159562 15.6045
5.91261 4.38578 0.526726 0.0232199 15.7024
5.91737 4.43905 0.523387 0.0288267 15.8035
5.92194 4.49193 0.518701 0.0381511 15.9031
5.92487 4.52692 0.514488 0.0371825 15.9945
5.92905 4.57904 0.509478 0.0396442 16.087
5.93298 4.6307 0.505435 0.037654 16.1787
5.93547 4.66495 0.504967 0.0405502 16.2703
5.939 4.71571 0.496314 0.0328362 16.3619
5.94124 4.74935 0.495764 0.0331436 16.4261
5.9434 4.78279 0.493156 0.0278896 16.4905
5.94548 4.81609 0.488895 0.0242516 16.5546
5.94749 4.84909 0.484607 0.0186244 16.6189
5.94847 4.86552 0.4845 0.0171371 16.6562
5.9504 4.89829 0.481625 0.0146011 16.7484
5.95322 4.94701 0.477527 0.00889759 16.8398
5.95595 4.9952 0.471727 0.00372787 16.9319
5.95775 5.02709 0.468688 0.00138059 17.0239
5.9607 5.07932 0.606893 0.0243463 17.1266
5.96456 5.15032 0.474101 -0.00655412 17.2306
5.96634 5.18167 0.45984 -0.196478 17.329
5.96958 5.22819 0.455859 -0.168099 17.4274
5.9721 5.25899 0.453073 -0.127405 17.494
5.9749 5.28967 0.453974 -0.153029 17.5607
5.97799 5.32017 0.449237 -0.142685 17.6272
5.98135 5.35028 0.443325 -0.162027 17.6939
6.0066 5.52587 0.427597 -0.061197 18.0922
6.01379 5.56889 0.427938 -0.065358 18.2057
