6.17898e-05 -1.00771e-06 3.94852e-06 -6.27843e-08 0.0977605
6.18113e-05 -1.00772e-06 4.24281e-06 -5.47253e-08 0.128276
0.00121658 -1.00996e-06 0.0335096 2.09137e-05 0.159604
0.0035266 -1.01202e-06 0.0676113 -1.4954e-05 0.191791
0.00699217 -1.01528e-06 0.101625 -2.11163e-05 0.224278
0.0116132 -1.01633e-06 0.135621 -3.10076e-06 0.257414
0.0173897 -1.01459e-06 0.169611 -5.97412e-06 0.295065
0.0243217 -1.01261e-06 0.203598 -1.37256e-05 0.327506
0.0324091 -1.00674e-06 0.237584 -9.39732e-06 0.360181
0.041652 -9.92636e-07 0.27157 -7.85381e-06 0.393035
0.0520504 -9.7071e-07 0.305556 -1.16305e-05 0.426601
0.0636043 -9.41501e-07 0.339541 -1.11083e-05 0.46043
0.0763137 -9.02151e-07 0.373526 -8.87861e-06 0.494355
0.0901786 -8.49104e-07 0.407512 -9.95164e-06 0.52816
0.105199 -7.80536e-07 0.441498 -1.13221e-05 0.56209
0.121375 -6.95031e-07 0.475483 -1.09296e-05 0.596062
0.138706 -5.89941e-07 0.509469 -1.06497e-05 0.630148
0.157193 -4.62632e-07 0.543455 -1.09582e-05 0.66405
0.176836 -3.10953e-07 0.577441 -1.10522e-05 0.697798
0.197634 -1.31119e-07 0.611427 -1.11421e-05 0.731935
0.219587 7.93502e-08 0.645413 -1.14577e-05 0.765975
0.242696 3.23015e-07 0.6794 -1.16017e-05 0.800197
0.26696 6.04077e-07 0.713501 -6.43647e-06 0.834347
0.292378 9.28294e-07 0.747882 -1.15036e-05 0.86828
0.318952 1.29578e-06 0.7823 -2.14229e-05 0.902507
0.346681 1.70583e-06 0.81674 -2.23754e-05 0.936462
0.375566 2.16465e-06 0.851205 -2.37812e-05 0.970427
0.405606 2.6705e-06 0.885697 -2.89433e-05 1.00437
0.436771 5.72649e-06 0.919307 0.0127638 1.03839
0.468506 7.00261e-05 0.936216 0.266608 1.07239
0.500784 0.000464772 0.952873 0.587064 1.10659
0.533615 0.00150976 0.969977 0.749656 1.14074
0.566982 0.00341009 0.98731 0.912945 1.17503
0.600765 0.00638157 1.00288 1.13917 1.20865
0.634401 0.0106171 1.00509 1.1052 1.24281
0.66786 0.0161572 1.00648 0.977278 1.2767
0.701115 0.022824 1.00779 1.02758 1.31079
0.734113 0.0306539 1.00869 1.08751 1.34701
0.766699 0.0396515 1.01189 1.07251 1.3788
0.798895 0.0497854 1.01137 1.10468 1.41287
0.8306 0.0611475 1.01143 1.14643 1.44698
0.861752 0.0737126 1.01125 1.17169 1.48108
0.892327 0.0874894 1.01121 1.18737 1.51912
0.922289 0.102475 1.01127 1.19709 1.56067
0.951597 0.118663 1.0113 1.202 1.5978
0.980209 0.136038 1.01104 1.20542 1.63989
1.00808 0.154573 1.0106 1.20559 1.68058
1.03517 0.174239 1.01016 1.20191 1.72703
1.06145 0.195005 1.0065 1.19941 1.77743
1.08683 0.216804 1.00788 1.21469 1.82274
1.11126 0.239615 1.00737 1.23072 1.87242
1.13469 0.263408 1.00644 1.24193 1.91843
1.15707 0.288153 1.00577 1.24875 1.96427
1.17837 0.313822 1.00513 1.25081 2.00986
1.19857 0.340381 1.00387 1.24972 2.02862
1.21763 0.367784 1.00273 1.24507 2.04742
1.23551 0.395979 1.00352 1.22917 2.06589
1.25225 0.424973 1.00694 1.19708 2.08476
1.26789 0.454755 1.00597 1.1476 2.10348
1.28239 0.485224 1.0081 1.08991 2.12254
1.29579 0.51628 1.005 1.07314 2.14101
1.30804 0.5478 1.00305 1.10155 2.16314
1.3191 0.57974 1.00372 1.10615 2.19648
1.36395 0.845884 0.998145 1.05494 2.78165
1.19982 1.36245 0.0269794 0.43789 3.59451
1.1808 1.3792 0.235913 0.388886 3.85927
1.25012 1.33617 -0.443068 0.462215 4.54467
1.64441 1.20301 -0.981665 1.33913 5.09837
1.67889 1.20156 -1.01455 1.33046 5.11693
1.71452 1.20164 -1.04793 1.32329 5.13612
1.75125 1.20336 -1.08127 1.31548 5.15454
1.78865 1.20676 -1.10445 1.30744 5.17338
1.82585 1.21179 -1.10411 1.30282 5.19736
1.86279 1.21845 -1.10374 1.29784 5.21582
1.89939 1.22671 -1.10328 1.29163 5.23509
1.93559 1.23654 -1.10294 1.28678 5.25737
1.97131 1.24791 -1.10258 1.28179 5.27548
2.0065 1.26081 -1.10211 1.27545 5.2975
2.0411 1.2752 -1.10176 1.27035 5.3157
2.07504 1.29104 -1.10142 1.26533 5.33417
2.10725 1.30777 -1.06722 1.26156 5.35622
2.13771 1.32528 -1.03312 1.25877 5.37465
2.16642 1.34344 -0.999059 1.25654 5.39755
2.19339 1.36215 -0.964888 1.25304 5.41565
2.21861 1.38126 -0.930725 1.24957 5.43449
2.24212 1.40069 -0.896654 1.24722 5.45248
2.26392 1.42031 -0.862563 1.24464 5.47193
2.28406 1.44002 -0.828395 1.24112 5.49255
2.30255 1.45971 -0.794263 1.23774 5.51241
2.31944 1.47928 -0.760186 1.23522 5.53583
2.33426 1.49779 -0.614315 0.935725 5.57011
2.34676 1.51427 -0.58964 -0.211908 5.60418
2.35856 1.52943 -0.563131 -0.427035 5.6386
2.37025 1.54416 -0.550134 -0.340392 5.67249
2.3813 1.5578 -0.516206 -0.34238 5.70659
2.39178 1.57041 -0.482418 -0.344282 5.74083
2.40168 1.58202 -0.448628 -0.346032 5.77517
2.36686 1.58013 0.490262 0.0475067 7.01641
2.07249 1.36414 -0.0732179 -1.1159 8.08819
2.17234 1.37731 -0.48217 -0.626651 8.48358
2.18662 1.37529 -0.486559 -0.602688 8.50265
2.2008 1.37298 -0.486535 -0.579141 8.52145
2.49597 1.28387 -0.43519 0.761756 9.40347
2.73758 1.28626 -0.117765 0.842087 10.1912
2.7655 1.30408 -0.132285 1.05863 10.4499
2.80363 1.34924 -0.335431 1.03472 10.7321
2.87267 1.51193 -0.674509 1.04139 11.065
2.88869 1.83301 -0.982196 0.179781 11.4423
2.83932 2.46868 -0.625737 0.0240374 12.1548
2.84681 2.71851 -0.152173 -1.25593 13.0933
2.98296 2.77636 -0.112417 -1.0678 14.5419
3.03331 2.71757 -0.164316 -0.436978 15.1416
3.05445 2.68127 0.208373 -0.436044 15.8443
3.04351 2.7449 0.374414 -1.05622 16.0622
3.27124 3.24856 0.797849 -1.08505 16.9242
3.37909 3.33033 0.796652 -1.03788 17.1115
3.47457 3.3811 0.796454 -1.03553 17.2458
3.58229 3.4199 0.894426 -1.04129 17.3797
3.67544 3.44101 0.938287 -1.01918 17.4728
3.76446 3.45171 0.919202 -0.926331 17.5716
3.89233 3.4489 0.707749 -0.350254 17.7406
4.18871 3.40843 0.833627 -0.393083 18.2543
4.63477 3.29465 0.709993 1.06639 18.9686
5.08131 3.46977 0.665365 1.04638 19.6966
5.1562 3.5541 0.661388 1.11348 19.8647
5.23174 3.68944 0.623207 1.03476 20.1022
5.26723 3.8135 0.65574 0.761308 20.3171
5.27933 3.90175 0.657457 0.683542 20.4268
5.28226 3.94466 0.643176 0.478462 20.5221
5.28408 4.01029 0.645401 0.383363 20.6216
5.28341 4.07437 0.625214 0.11285 20.7159
5.28187 4.13795 0.614997 -0.179973 20.8121
5.28164 4.19933 0.601616 -0.55756 20.9137
5.28321 4.2399 0.59307 -0.515797 20.9897
5.28819 4.29982 0.582607 -0.580849 21.093
5.2966 4.35827 0.571821 -0.643796 21.1855
5.30875 4.41544 0.575438 -0.672382 21.2833
5.31907 4.45312 0.573487 -0.662108 21.3778
5.33767 4.50844 0.569718 -0.625008 21.4733
5.35966 4.56205 0.566471 -0.575873 21.5656
5.40184 4.64664 0.548512 -0.295573 21.7439
5.43014 4.69352 0.534676 -0.223258 21.8377
5.46417 4.73329 0.527537 -0.182974 21.9441
5.49876 4.77208 0.525599 -0.116633 22.0448
5.53387 4.8115 0.531569 -0.0828934 22.1285
5.55762 4.83707 0.515925 -0.0530215 22.2278
5.59279 4.87502 0.50709 0.0120992 22.3274
5.62656 4.91338 0.497087 0.0519117 22.4213
5.69183 4.98979 0.495663 0.311513 22.63
5.72079 5.03109 0.512874 0.391812 22.7295
5.74722 5.07503 0.510787 0.414908 22.8256
5.76793 5.11954 0.495273 0.474736 22.9185
5.78579 5.16468 0.489043 0.493486 23.014
5.79628 5.19481 0.486893 0.381326 23.114
5.81026 5.23994 0.466852 0.348941 23.2141
5.82257 5.28526 0.46006 0.2648 23.311
5.83006 5.31556 0.4609 0.238498 23.3765
5.83707 5.34597 0.455928 0.201709 23.4489
5.88306 5.55259 0.437188 -0.161914 23.9133
5.89047 5.58138 0.437154 -0.179562 23.9723
5.8943 5.59574 0.437105 -0.172051 24.0088
5.89822 5.61007 0.437066 -0.169862 24.0491
