6.84042e-05 -1.01908e-06 1.37264e-06 -7.05128e-08 0.0282169
6.84037e-05 -1.01903e-06 2.52953e-06 -7.66564e-08 0.0625933
6.84042e-05 -1.01909e-06 4.47572e-06 -6.51301e-08 0.0966265
0.00122307 -1.01823e-06 0.0340426 2.58552e-05 0.327739
0.0116198 -9.95798e-07 0.135621 -3.7153e-06 0.550143
0.052057 -8.37301e-07 0.305556 -1.15481e-05 0.738603
0.12135 -1.57828e-06 0.474563 -0.013836 0.883154
0.15527 0.000179369 0.506265 0.583355 0.975857
0.263095 0.00895883 0.53587 0.48584 1.15961
0.667375 0.050364 0.577703 -0.401073 1.87181
1.01292 -0.00333209 0.425968 -0.737684 2.56082
1.26249 -0.17027 0.697824 -0.70813 3.17251
1.38962 -0.32153 0.91973 -0.697369 3.42163
1.82252 -0.908454 0.674391 0.804891 4.31446
1.87655 -0.948358 0.680687 0.695181 4.42159
1.89529 -0.960795 0.677424 0.739458 4.44022
1.91432 -0.972748 0.677755 0.748647 4.459
1.93366 -0.984222 0.676447 0.721742 4.47731
1.95328 -0.995226 0.673408 0.721641 4.52281
2.08663 -1.0541 0.528448 0.726847 4.78021
2.1898 -1.08038 0.596332 0.698129 4.98259
2.55561 -1.08563 0.99858 0.691296 5.43524
2.85241 -1.0154 0.9975 0.705882 5.7446
3.4167 -0.644108 0.951632 -0.276244 6.50388
3.98943 -0.250276 0.999393 0.00210043 7.21585
4.16027 -0.138687 1.00023 0.00281713 7.43087
4.30156 -0.0463703 0.963423 -0.0387946 7.59297
4.84344 0.383134 0.998478 0.689257 8.30962
4.88557 0.436372 0.998446 0.702562 8.40231
4.96168 0.548395 0.997966 0.719823 8.53788
5.05319 0.726182 0.931122 0.701782 8.74219
5.09389 0.835882 0.840018 0.728421 8.85241
5.11649 0.917667 0.832476 0.679696 8.9603
5.13342 1.00113 0.835865 0.649386 9.06756
5.14491 1.0844 0.82677 0.517651 9.17521
5.15351 1.19454 0.814688 0.316184 9.31864
5.15756 1.30426 0.824574 0.0672852 9.43513
5.16046 1.41559 0.813061 -0.111926 9.59887
5.16411 1.52496 0.796391 -0.185112 9.72898
5.18386 1.78833 0.76465 -0.269798 10.0672
5.20541 1.92233 0.800533 -0.530294 10.2373
5.22417 2.00183 0.800624 -0.515534 10.3355
5.24711 2.07994 0.793047 -0.406269 10.4255
5.26429 2.13104 0.788978 -0.451835 10.4975
5.2925 2.20557 0.769499 -0.330371 10.596
5.33208 2.29963 0.745277 -0.116792 10.7258
5.37211 2.39052 0.718067 0.0830129 10.8779
5.43778 2.54588 0.697349 0.262588 11.1008
5.48676 2.67848 0.688656 0.283443 11.3059
5.50807 2.74542 0.68862 0.315517 11.4336
5.53281 2.8346 0.677693 0.326308 11.561
5.54865 2.90182 0.676493 0.35234 11.653
5.55771 2.94588 0.66195 0.30099 11.725
5.56577 2.98968 0.650708 0.265934 11.7881
5.57296 3.03326 0.651445 0.232542 11.8507
5.5763 3.05514 0.651568 0.225822 11.9137
5.58243 3.09849 0.644999 0.182241 11.9767
5.588 3.14194 0.643221 0.153395 12.0488
5.59549 3.20605 0.631283 0.0594421 12.1212
5.60022 3.24844 0.627126 0.0272173 12.1933
5.60483 3.29046 0.619587 -0.0334506 12.2652
5.60949 3.33229 0.617716 -0.0230761 12.3371
5.61422 3.37391 0.613803 -0.0609186 12.4091
5.61908 3.41538 0.613804 -0.0467936 12.4814
5.62407 3.45659 0.610142 -0.0872079 12.553
5.62926 3.49739 0.604691 -0.0893417 12.6251
5.63744 3.55803 0.597304 -0.0925272 12.7026
5.64318 3.59814 0.593856 -0.0909833 12.782
5.64913 3.63797 0.590247 -0.0866301 12.8511
5.65528 3.67754 0.586837 -0.0807045 12.9206
5.66161 3.71684 0.583447 -0.0733583 12.9903
5.66812 3.75599 0.583469 -0.0747038 13.0566
5.67143 3.77544 0.57987 -0.0634066 13.1027
5.67814 3.81414 0.57484 -0.047497 13.1654
5.68494 3.85253 0.571497 -0.0379447 13.2279
5.69179 3.89068 0.567815 -0.0248969 13.2913
5.69866 3.92858 0.564458 -0.0163696 13.3543
5.70554 3.96624 0.561272 -0.00669832 13.4167
5.70896 3.9849 0.557937 0.00589257 13.4797
5.71578 4.02217 0.55621 0.0038253 13.5421
5.72255 4.05926 0.552848 0.0157924 13.606
5.73256 4.11452 0.549379 0.021952 13.6975
5.73912 4.15107 0.546076 0.0255102 13.7889
5.74873 4.20537 0.539379 0.0336972 13.8798
5.7581 4.25933 0.534901 0.0337206 13.9703
5.76422 4.29517 0.534913 0.0316091 14.06
5.77319 4.34877 0.529822 0.0427965 14.1503
5.78183 4.40199 0.526721 0.0465621 14.2406
5.78743 4.43735 0.526683 0.0453197 14.3338
5.79555 4.48982 0.517724 0.0365459 14.4254
5.8034 4.54191 0.514792 0.0330122 14.5151
5.80852 4.57652 0.514735 0.0344197 14.5785
5.81352 4.61084 0.509972 0.0209414 14.6416
5.81842 4.64486 0.505378 0.0185112 14.7406
5.82326 4.67877 0.502283 0.0143887 14.8057
5.82806 4.71259 0.50221 0.0158132 14.872
5.83278 4.74608 0.497378 0.00317511 14.9378
5.83744 4.7793 0.493296 0.00583409 15.0041
5.84207 4.81229 0.490702 0.000745614 15.0697
5.84667 4.8451 0.487802 -0.0027413 15.136
5.85125 4.87773 0.485003 -0.00645899 15.202
5.85712 4.9198 0.607444 0.0724482 15.2673
5.86221 4.95732 0.539417 0.0339884 15.3323
5.86664 4.99059 0.482022 -0.0874457 15.398
5.87108 5.02257 0.475372 -0.123678 15.4643
5.87578 5.05431 0.472773 -0.13485 15.5511
5.88072 5.08584 0.469898 -0.113153 15.6266
5.88589 5.11715 0.467106 -0.137707 15.6899
5.8913 5.14817 0.463071 -0.133574 15.7527
5.89697 5.17893 0.459898 -0.148557 15.8158
5.90289 5.20941 0.456584 -0.141478 15.8787
5.90906 5.23965 0.453873 -0.117736 15.9408
5.91222 5.25466 0.451215 -0.117784 16.0035
5.91869 5.28455 0.44819 -0.097587 16.0663
5.92533 5.3142 0.445494 -0.0901614 16.1287
5.9321 5.34364 0.443362 -0.0677347 16.191
5.97642 5.53021 0.42817 0.0392226 16.6214
5.98625 5.57275 0.428024 0.0411832 16.7294
