0.337194 -0.050541 2.16783e-06 -4.38822e-07 0.0742811
0.337194 -0.050541 1.95404e-06 -2.41555e-07 0.107474
0.337194 -0.050541 3.59475e-06 -7.20347e-07 0.140401
0.337194 -0.050541 1.90653e-06 -4.54166e-07 0.17396
0.338339 -0.0506892 0.0334934 -3.17768e-05 0.207472
0.34063 -0.0509856 0.0675785 -0.000302434 0.241322
0.344068 -0.0514304 0.10159 -0.00028229 0.275346
0.348651 -0.0520234 0.135577 -5.27045e-06 0.309163
0.35438 -0.0527648 0.16956 -6.85516e-05 0.343231
0.361254 -0.0536545 0.203543 -0.000193936 0.377127
0.369275 -0.0546925 0.237525 -0.000119608 0.41105
0.378442 -0.0558789 0.271507 -6.1228e-05 0.445089
0.388754 -0.0572135 0.30549 -0.000109578 0.479168
0.400213 -0.0586965 0.339473 -0.000125135 0.513144
0.412817 -0.0603278 0.373456 -9.64936e-05 0.547181
0.426568 -0.0621075 0.40744 -0.000100507 0.581211
0.441464 -0.0640355 0.441424 -0.000120468 0.61534
0.457506 -0.0661118 0.475409 -0.000117685 0.649405
0.474694 -0.0683366 0.509399 -0.000109851 0.683463
0.493028 -0.0707097 0.543385 -0.000115673 0.717451
0.512508 -0.0732311 0.57737 -0.000121463 0.751497
0.533134 -0.075901 0.611355 -0.000114676 0.785504
0.554906 -0.0787192 0.645341 -0.000109109 0.81949
0.577824 -0.0816858 0.679327 -0.000109517 0.853622
0.601886 -0.0847979 0.713545 -0.00011111 0.887527
0.627094 -0.0880567 0.748105 -0.000342561 0.921622
0.653448 -0.0914645 0.782651 0.000303437 0.955799
0.680947 -0.0950196 0.817234 0.000559949 0.989847
0.709592 -0.0987234 0.851842 0.000452283 1.02394
0.739383 -0.102576 0.88648 0.000665741 1.05795
0.77032 -0.106576 0.921172 0.00101336 1.09201
0.802402 -0.110726 0.955918 0.00113054 1.12627
0.835446 -0.114987 0.985497 0.0810479 1.16039
0.869061 -0.119195 1.00305 0.358519 1.19449
0.902806 -0.123019 1.00501 0.410037 1.2284
0.936599 -0.126418 1.00534 0.260133 1.26251
0.970424 -0.129528 1.00599 0.268466 1.2965
1.00427 -0.132322 1.00752 0.354371 1.33058
1.03817 -0.134736 1.00592 0.306764 1.36471
1.07208 -0.136738 1.00654 0.245913 1.39866
1.10601 -0.138456 1.00728 0.252886 1.43259
1.13995 -0.139883 1.00765 0.258563 1.46669
1.17391 -0.14101 1.00828 0.229879 1.50069
1.20787 -0.14187 1.00878 0.211993 1.53471
1.24184 -0.142478 1.00922 0.211007 1.56882
1.27582 -0.142839 1.00958 0.201277 1.60316
1.3098 -0.142969 1.00991 0.185859 1.63708
1.34378 -0.142878 1.01017 0.177343 1.67112
1.37776 -0.142581 1.01036 0.171168 1.70522
1.41171 -0.14209 1.01295 0.163353 1.73945
1.44566 -0.141406 1.01416 0.163152 1.77338
1.47956 -0.140524 1.01011 0.173112 1.80766
1.51335 -0.139482 1.01115 0.220635 1.84154
1.54703 -0.138134 1.01016 0.245972 1.87554
1.5806 -0.136508 1.00931 0.248862 1.90962
1.61415 -0.134591 1.00879 0.248668 1.94364
1.64763 -0.13239 1.008 0.231835 1.97762
1.68112 -0.129912 1.00777 0.218385 2.01172
1.71457 -0.127186 1.00699 0.194892 2.04571
1.74808 -0.124231 1.00533 0.176355 2.07987
1.78168 -0.12106 1.0138 0.09521 2.11386
1.81552 -0.117776 1.01291 -0.0397428 2.148
1.8494 -0.114516 1.00663 -0.0279268 2.18218
1.88326 -0.111284 1.00561 0.0314228 2.21634
1.91711 -0.108022 1.00491 0.0193796 2.25034
1.95097 -0.104737 1.00425 -0.00565404 2.28449
1.98482 -0.101454 1.00353 0.00284629 2.31858
2.01814 -0.0981657 0.986437 0.340733 2.35261
2.05081 -0.0946201 0.96903 0.180198 2.38654
2.08255 -0.091005 0.940709 -0.188442 2.42054
2.11345 -0.0876445 0.913995 -0.0896473 2.45464
2.14355 -0.0844573 0.889775 0.0847778 2.48862
2.17287 -0.0812948 0.867077 0.000103025 2.5227
2.20144 -0.0782135 0.845016 -0.0825147 2.55678
2.22929 -0.0752765 0.823244 -0.0194013 2.59113
2.25642 -0.0724353 0.802052 0.0183186 2.62503
2.28286 -0.0696572 0.781556 -0.0224391 2.65915
2.30862 -0.0669675 0.761873 -0.0365243 2.69315
2.33372 -0.0643752 0.742237 -0.0111069 2.72723
2.35818 -0.0618606 0.723155 -0.00459564 2.76137
2.38201 -0.0594158 0.704604 -0.0190299 2.79549
2.40524 -0.0570477 0.686506 -0.019134 2.82951
2.42786 -0.0547546 0.668852 -0.00999129 2.86352
2.44991 -0.0525287 0.651668 -0.0106886 2.89757
2.47139 -0.050368 0.634932 -0.014887 2.93165
2.49232 -0.048273 0.618614 -0.0128738 2.96568
2.51271 -0.0462408 0.602712 -0.0100772 2.9997
2.53258 -0.0442678 0.587225 -0.0110036 3.03376
2.55193 -0.0423528 0.572135 -0.0117005 3.06767
2.5708 -0.0404945 0.557428 -0.0103409 3.10177
2.58917 -0.0386904 0.543099 -0.00954612 3.1358
2.60708 -0.0369385 0.529139 -0.00985429 3.16993
2.62453 -0.0352375 0.515537 -0.00965259 3.20412
2.64082 -0.0336541 0.481528 -0.0093402 3.23814
2.65827 -0.0319647 0.515468 -0.0095443 3.27214
2.67686 -0.0301702 0.549406 -0.00972202 3.30626
2.6966 -0.0282714 0.583343 -0.00957993 3.34042
2.71749 -0.0262691 0.617281 -0.00953631 3.37458
2.73954 -0.0241638 0.651219 -0.00964929 3.40854
2.76273 -0.0219565 0.685157 -0.00966254 3.44264
2.78707 -0.0196478 0.719094 -0.00960474 3.47646
2.81256 -0.0172386 0.753032 -0.00962229 3.51057
2.8392 -0.0147295 0.78697 -0.0096685 3.54463
2.86679 -0.0121299 0.814956 0.0758337 3.57881
2.89492 -0.00938179 0.830986 0.35602 3.61276
2.92353 -0.00623255 0.846312 0.639701 3.64678
2.95263 -0.00239211 0.863177 0.802412 3.68075
2.98218 0.00234125 0.879784 0.986815 3.7148
3.01209 0.00818348 0.896122 1.23483 3.74886
3.04228 0.0154127 0.912806 1.45332 3.78287
3.07269 0.0243095 0.932019 1.60626 3.81682
3.10318 0.0350798 0.950933 1.77498 3.85102
3.13356 0.047937 0.970127 1.97521 3.88504
3.16359 0.0631131 0.989844 2.14831 3.91921
3.19261 0.0805106 0.995263 2.07167 3.95338
3.22034 0.0999022 0.995606 1.86466 3.98748
3.24678 0.121027 0.995315 1.77829 4.02148
3.27191 0.143718 0.995439 1.74433 4.05563
3.29565 0.167856 0.99564 1.64202 4.08961
3.31801 0.193287 0.995862 1.53266 4.12356
3.33902 0.219856 0.995936 1.47251 4.15766
3.35867 0.24744 0.997544 1.40988 4.19186
3.37689 0.275803 0.997954 1.38576 4.2261
3.39373 0.304934 1.00209 1.36523 4.26014
3.40913 0.334719 1.00356 1.33485 4.29415
3.42312 0.365098 1.00474 1.2961 4.32829
3.43574 0.396005 1.00604 1.25291 4.36244
3.44702 0.427369 1.00737 1.20788 4.39645
3.45709 0.459135 1.00591 1.15579 4.43044
3.46599 0.491249 1.00337 1.09862 4.46446
3.47353 0.523675 1.00467 1.03656 4.49866
3.4799 0.556349 1.00652 0.985518 4.5326
3.48516 0.589202 1.0084 0.941907 4.56648
3.48943 0.622071 1.0113 0.901995 4.60057
3.49261 0.654879 1.01431 0.877992 4.63472
3.49489 0.687721 1.01678 0.85351 4.66883
3.49817 0.719627 0.99712 0.754801 4.70279
3.50074 0.751296 0.997269 0.661396 4.73685
3.50246 0.783144 1.00057 0.601233 4.77101
3.50349 0.81509 0.993405 0.568902 4.80498
3.50395 0.846878 0.993095 0.537877 4.83906
3.5039 0.878439 0.992849 0.503074 4.8733
3.50331 0.909847 0.998023 0.461099 4.90745
3.50223 0.941091 0.993503 0.428258 4.9415
3.50065 0.972317 0.993839 0.390456 4.97556
3.49856 1.00358 0.99435 0.356105 5.00947
3.49598 1.03489 1.00205 0.318831 5.0436
3.49306 1.06618 0.995838 0.28401 5.07754
3.48973 1.09749 0.998312 0.256201 5.11152
3.48596 1.12894 0.998739 0.231574 5.14553
3.48179 1.16058 0.998895 0.210647 5.17951
3.4773 1.19235 0.998926 0.192446 5.21371
3.47249 1.22424 0.999081 0.180305 5.24768
3.46742 1.25621 0.999305 0.15983 5.28182
3.4621 1.28826 0.999639 0.146455 5.31588
3.45655 1.32048 1.0085 0.128554 5.34994
3.45079 1.35311 1.01552 0.114109 5.38399
3.44485 1.38616 1.02644 0.102575 5.41817
3.43874 1.41927 1.02567 0.104973 5.4523
3.43244 1.45235 1.02496 0.100909 5.48644
3.42555 1.48534 1.0245 0.0595712 5.52054
3.41771 1.51826 1.02127 -0.0141916 5.55462
3.40992 1.55104 1.01678 -0.0418572 5.58867
3.40212 1.58405 1.02216 0.0509801 5.62258
3.39423 1.61713 1.01941 0.17266 5.65657
3.38617 1.65017 1.0172 0.094499 5.69051
3.37799 1.68319 1.01501 0.0462049 5.72459
3.36975 1.71619 1.01268 0.0762046 5.75867
3.36142 1.74918 1.01047 0.0818177 5.79276
3.35301 1.78214 1.00843 0.0638394 5.82686
3.34451 1.81508 1.00668 0.0656745 5.86101
3.33595 1.84801 1.00509 0.0758427 5.89509
3.3273 1.88091 1.00373 0.0605881 5.92908
3.31859 1.9138 1.00251 0.0527804 5.96314
3.30981 1.94667 1.00142 0.0574302 5.99736
3.30097 1.97952 1.00046 0.0576555 6.03142
3.29208 2.01236 1.00023 0.0503421 6.0655
3.28317 2.04498 0.994391 0.0472085 6.09944
3.27428 2.07653 0.947452 1.27291 6.13354
3.26403 2.1077 0.966142 2.08715 6.1675
3.25176 2.13821 0.968816 1.22038 6.20161
3.23829 2.16814 0.983695 0.338063 6.23568
3.22457 2.19744 0.932599 0.523834 6.26961
3.21086 2.22542 0.916516 0.770327 6.30362
3.19708 2.252 0.890813 0.569241 6.33795
3.18314 2.27754 0.867217 0.464831 6.37213
3.16922 2.30212 0.842965 0.354268 6.40624
3.15543 2.32581 0.81887 0.238651 6.44029
3.14188 2.34868 0.794961 0.119681 6.47458
3.12866 2.37078 0.771163 -0.00165483 6.50846
3.11586 2.39219 0.747404 -0.124433 6.54267
3.10357 2.41295 0.723624 -0.247661 6.5765
3.09185 2.43313 0.698411 -0.373152 6.61054
3.0808 2.45272 0.672382 -0.497548 6.64467
3.07045 2.47183 0.649988 -0.624028 6.67852
3.06076 2.49062 0.630755 -0.722054 6.71276
3.05164 2.50944 0.617049 -0.810841 6.74668
3.04319 2.52816 0.604361 -0.8393 6.78068
3.03547 2.54663 0.588721 -0.781747 6.81477
3.02842 2.5648 0.573351 -0.727948 6.84878
3.02201 2.58266 0.558263 -0.723341 6.88289
3.01619 2.60021 0.543657 -0.710393 6.91698
3.01093 2.61742 0.529409 -0.673233 6.95113
3.00619 2.6343 0.515548 -0.647185 6.98526
3.00211 2.65016 0.481565 -0.660043 7.01927
2.99813 2.66723 0.515524 -0.671668 7.05337
2.9943 2.68551 0.54943 -0.661573 7.08746
2.99068 2.70501 0.583371 -0.657711 7.12147
2.98731 2.72573 0.617315 -0.664132 7.15564
2.98426 2.74766 0.65126 -0.66442 7.18976
2.98157 2.7708 0.685192 -0.661097 7.22358
2.97929 2.79515 0.719126 -0.66201 7.25772
2.9775 2.82061 0.74923 -0.694963 7.29178
2.97625 2.84726 0.786291 -0.710229 7.32584
2.97562 2.87505 0.818647 -0.697435 7.36002
2.97566 2.90399 0.849051 -0.714761 7.39402
2.97645 2.93389 0.868698 -0.81564 7.42811
2.97812 2.9646 0.889189 -0.953103 7.46253
2.98086 2.99598 0.907437 -1.12284 7.49663
2.98489 3.02792 0.927053 -1.29904 7.5307
2.99045 3.0603 0.944926 -1.4894 7.56506
2.99778 3.09299 0.965634 -1.67469 7.59918
3.00716 3.12586 0.985887 -1.86106 7.63312
3.01883 3.15868 1.00583 -2.04668 7.66718
3.03263 3.19032 1.00547 -2.13583 7.70131
3.04853 3.22058 1.00295 -2.12784 7.73532
3.06646 3.24944 1.00148 -2.07992 7.76932
3.08631 3.27685 0.998861 -2.02297 7.80322
3.10795 3.30276 0.998596 -1.9299 7.83721
3.13124 3.32717 0.99888 -1.84315 7.8714
3.15603 3.35017 0.998402 -1.71795 7.90522
3.18217 3.37171 1.00129 -1.58722 7.93933
3.20947 3.39166 1.00241 -1.52041 7.97338
3.23769 3.41022 1.00387 -1.47796 8.00747
3.26675 3.42733 1.00772 -1.42745 8.04156
3.29654 3.44296 1.00998 -1.37721 8.07569
3.32697 3.45715 1.01241 -1.33061 8.1095
3.35795 3.46995 1.01437 -1.2868 8.1436
3.38941 3.48147 1.01271 -1.23283 8.17756
3.42128 3.49174 1.00962 -1.17675 8.21185
3.45251 3.50168 1.00053 -1.09944 8.24551
3.48341 3.5115 1.00043 -1.01532 8.27961
3.51448 3.52028 1.00024 -0.941153 8.31361
3.54573 3.52799 1.00012 -0.875824 8.34785
3.57713 3.53472 0.999998 -0.816523 8.38177
3.60884 3.54016 1.00205 -0.773868 8.41585
3.64068 3.54436 1.00383 -0.740447 8.44987
3.67227 3.54853 1.00382 -0.710792 8.48397
3.70374 3.55209 1.00376 -0.679094 8.51797
3.7352 3.55489 1.00364 -0.64549 8.55217
3.76664 3.55697 1.00333 -0.61172 8.58617
3.7981 3.55826 1.0032 -0.577973 8.62035
3.82951 3.55884 1.00306 -0.537398 8.65446
3.86131 3.55804 0.997672 -0.52168 8.68859
3.89334 3.55564 1.00193 -0.543313 8.72255
3.92448 3.55322 0.995409 -0.541405 8.75656
3.95521 3.5506 0.993856 -0.523828 8.79055
3.9857 3.54784 0.992454 -0.500509 8.82454
4.01609 3.54475 0.992173 -0.470376 8.85868
4.04646 3.54123 0.991962 -0.423236 8.8925
4.07688 3.53721 0.993029 -0.377518 8.9265
4.10742 3.53266 0.999319 -0.315054 8.96056
4.13816 3.52746 0.999922 -0.261868 8.99486
4.16901 3.52188 0.999397 -0.214308 9.02896
4.20018 3.51542 1.00115 -0.176556 9.0631
4.23156 3.50802 1.00406 -0.138959 9.09721
4.26305 3.49974 1.00686 -0.108359 9.13137
4.2946 3.49124 1.0071 -0.0864476 9.16548
4.32619 3.48265 1.00706 -0.067147 9.19956
4.35784 3.47398 1.00965 -0.0518307 9.23361
4.38961 3.46524 1.01493 -0.0316911 9.26757
4.42213 3.45659 1.02638 0.0730423 9.30164
4.45461 3.448 1.02158 0.126894 9.33581
4.48702 3.43957 1.01893 0.141763 9.36971
4.51946 3.43129 1.0163 0.135289 9.40382
4.55198 3.42315 1.01403 0.118459 9.4379
4.58458 3.41513 1.01169 0.0958159 9.47204
4.61726 3.4072 1.00996 0.0663529 9.5063
4.65002 3.39931 1.00806 0.0326541 9.5402
4.68286 3.39145 1.00647 -0.00359403 9.57417
4.71579 3.38356 1.00626 -0.0424844 9.60827
4.74882 3.37561 1.00937 -0.101566 9.64227
4.78189 3.36751 1.00458 -0.130827 9.67632
4.81492 3.35929 1.00297 -0.0966242 9.71045
4.84792 3.35096 1.0017 -0.089645 9.74457
4.8809 3.34252 1.00073 -0.1111 9.77853
4.91384 3.33397 1.00063 -0.109692 9.81255
4.94675 3.3253 1.00059 -0.0877146 9.84659
4.97963 3.31652 1.00059 -0.0832003 9.88064
5.01248 3.30766 1.0006 -0.0890344 9.9146
5.04523 3.29872 0.998474 -0.083888 9.94862
5.07781 3.28948 0.995883 -1.30747 9.98272
5.10934 3.27901 0.976096 -2.29636 10.0168
5.13999 3.26634 0.975084 -1.5171 10.0511
5.16991 3.25214 0.973523 -0.560797 10.0852
5.19909 3.23751 0.959705 -0.548379 10.1194
5.22717 3.22273 0.927406 -0.79606 10.1535
5.25376 3.20783 0.904526 -0.673819 10.1876
5.2792 3.19284 0.880249 -0.559324 10.2216
5.30364 3.17781 0.856016 -0.441155 10.2556
5.32715 3.16288 0.831955 -0.319058 10.2896
5.3498 3.14814 0.80808 -0.193559 10.3235
5.37165 3.1337 0.779214 -0.0789295 10.3576
5.39275 3.11969 0.754656 0.0266214 10.3916
5.41314 3.10619 0.731011 0.136469 10.4258
5.43288 3.09323 0.707124 0.264144 10.4598
5.45206 3.08089 0.684097 0.406555 10.4939
5.47077 3.06921 0.664983 0.565298 10.5282
5.48911 3.05815 0.642703 0.739063 10.5623
5.50728 3.04786 0.625623 0.972649 10.5963
5.52556 3.0383 0.607445 1.04424 10.6304
5.54378 3.02959 0.592292 0.947462 10.6645
5.56174 3.02169 0.576605 0.865011 10.6986
5.57943 3.01451 0.561549 0.862861 10.7325
5.59686 3.00803 0.546752 0.853214 10.7666
5.614 3.00221 0.532491 0.805421 10.8007
5.63085 2.997 0.518625 0.771216 10.8347
5.64671 2.99254 0.484586 0.788802 10.8687
5.66381 2.98823 0.518494 0.803708 10.9028
5.68214 2.98415 0.552457 0.790052 10.9369
5.70163 2.98033 0.583147 0.81843 10.9711
5.72239 2.97682 0.619841 0.813491 11.0051
5.74439 2.9738 0.654044 0.800472 11.0393
5.76763 2.97125 0.688149 0.793257 11.0735
5.7921 2.96924 0.722178 0.789201 11.1075
5.81777 2.96783 0.756361 0.79409 11.1415
5.84459 2.96709 0.788113 0.805496 11.1756
5.87256 2.96709 0.821701 0.811976 11.2095
5.90162 2.9679 0.852875 0.829531 11.2436
5.93166 2.9696 0.876156 0.899352 11.2776
5.9625 2.9723 0.894971 1.02832 11.3115
5.99399 2.9762 0.914014 1.18882 11.3456
6.02591 2.98139 0.933697 1.386 11.3796
6.05813 2.98827 0.953993 1.59208 11.4137
6.09049 2.99707 0.970045 1.79733 11.4477
6.1228 3.00802 0.985713 2.00506 11.4818
6.15441 3.02122 0.999504 2.18174 11.5159
6.18454 3.03653 0.993868 2.19067 11.5499
6.21328 3.05401 0.9913 2.10711 11.584
6.2407 3.0734 0.990459 1.99309 11.6181
6.26676 3.0946 0.992803 1.88951 11.6521
6.29152 3.11756 0.995302 1.74458 11.6864
6.31495 3.142 0.99566 1.57259 11.7204
6.33704 3.16767 0.99587 1.53163 11.7544
6.35775 3.19445 0.997956 1.4925 11.7885
6.37707 3.22224 1.00156 1.38828 11.8226
6.39508 3.25092 1.00435 1.30709 11.8566
6.41179 3.28038 1.00716 1.26183 11.8907
6.42725 3.31052 1.00833 1.20003 11.9247
6.44155 3.34126 1.00701 1.139 11.9587
6.45471 3.37255 1.00428 1.08497 11.9927
6.4666 3.40433 1.00632 1.03031 12.0267
6.47736 3.43649 1.00827 0.968552 12.0611
6.48704 3.46895 1.01019 0.901634 12.0951
6.49571 3.50165 1.01207 0.833658 12.1291
6.50413 3.53425 1.00144 0.752787 12.1633
6.51316 3.56525 0.99715 0.773699 12.1974
6.52137 3.59633 0.997054 0.775985 12.2315
6.52871 3.62755 0.997047 0.764987 12.2655
6.5352 3.6589 0.997102 0.743895 12.2995
6.54083 3.69034 0.99715 0.717759 12.3335
6.54563 3.72187 0.997195 0.688879 12.3676
6.54952 3.75367 1.00533 0.663158 12.4016
6.55274 3.78543 0.99742 0.636158 12.4355
6.55503 3.81776 1.02016 0.638114 12.4695
6.55676 3.84991 0.996095 0.63737 12.5036
6.55796 3.88135 0.992018 0.608354 12.5376
6.55864 3.91242 0.992088 0.578158 12.5717
6.55866 3.94343 0.992318 0.54702 12.6059
6.55804 3.97442 0.992748 0.516555 12.6398
6.55682 4.00546 0.992911 0.479659 12.6738
6.55464 4.03757 1.02693 0.424117 12.708
6.55196 4.06944 1.00958 0.370115 12.7421
6.54889 4.10117 1.00273 0.328467 12.7764
6.5454 4.1328 0.999866 0.300248 12.8105
6.54158 4.16451 1.00943 0.3066 12.8446
6.53733 4.19632 1.01033 0.315977 12.8787
6.53276 4.2279 1.00661 0.311887 12.9126
6.52781 4.25936 1.00201 0.293428 12.9466
6.52251 4.29058 0.998365 0.258853 12.9805
6.51672 4.32205 1.00483 0.234497 13.0146
6.51034 4.35441 1.01978 0.24895 13.0488
6.50354 4.38702 1.01827 0.247185 13.0827
6.49637 4.4196 1.0196 0.236973 13.1167
6.48883 4.45206 1.01825 0.215138 13.1507
6.48092 4.48451 1.0217 0.197436 13.1848
6.47225 4.51676 1.02797 0.239415 13.2188
6.4628 4.54884 1.02144 0.285746 13.253
6.45309 4.58074 1.01916 0.29992 13.2873
6.44306 4.6125 1.01748 0.295806 13.3214
6.43273 4.64411 1.01447 0.265814 13.3555
6.4221 4.6757 1.01222 0.236484 13.3895
6.4112 4.70722 1.00955 0.190175 13.4233
6.40006 4.73877 1.00758 0.150768 13.4575
6.38874 4.77033 1.0051 0.105612 13.4916
6.37727 4.80194 1.00309 0.0650479 13.5256
6.3657 4.8336 1.00078 0.0205669 13.5597
6.35407 4.86537 1.00184 -0.025263 13.5937
6.34243 4.89725 1.00393 -0.0948192 13.6277
6.33086 4.92927 1.00176 -0.136524 13.662
6.31944 4.96133 1.00082 -0.0989212 13.6961
6.30812 4.99343 1.00055 -0.0751164 13.7303
6.2969 5.02555 1.00061 -0.0906672 13.7643
6.28571 5.05721 0.949661 1.14144 13.7986
6.27343 5.08796 0.981834 2.20081 13.8325
6.25902 5.11801 0.988208 1.57242 13.8666
6.24298 5.14735 0.987898 0.541468 13.9006
6.22643 5.17624 0.979008 0.389318 13.9345
6.20991 5.20414 0.944678 0.642774 13.9687
6.19339 5.2308 0.935573 0.508131 14.0027
6.17685 5.25652 0.900919 0.211671 14.0367
6.16052 5.28145 0.879211 0.193 14.0708
6.14458 5.30547 0.853395 0.139674 14.1048
6.12907 5.32861 0.828248 0.0579845 14.1389
6.11402 5.35097 0.803827 -0.0416255 14.173
6.09949 5.37264 0.779853 -0.152688 14.2071
6.08553 5.39369 0.756114 -0.270646 14.2412
6.07221 5.41418 0.731873 -0.393145 14.2753
6.0596 5.43417 0.706701 -0.522879 14.3095
6.04774 5.45372 0.68088 -0.658392 14.3435
6.0367 5.47288 0.659426 -0.804837 14.3777
6.02653 5.49169 0.637887 -0.976269 14.4119
6.01707 5.51065 0.624676 -1.08535 14.4458
6.00849 5.5295 0.609032 -1.02458 14.4799
6.00078 5.54813 0.592796 -0.916635 14.5138
5.99386 5.56648 0.576987 -0.907547 14.5479
5.98766 5.58455 0.561827 -0.913201 14.582
5.98217 5.60233 0.547005 -0.863133 14.6161
5.97734 5.61978 0.532563 -0.817717 14.6502
5.97327 5.63623 0.4986 -0.838512 14.6841
5.96991 5.65167 0.464619 -0.858167 14.7182
5.96721 5.66606 0.430617 -0.841218 14.7523
5.9651 5.67938 0.396575 -0.835315 14.7864
5.96353 5.69151 0.357406 -0.884446 14.8207
5.96243 5.70254 0.327656 -0.897241 14.8545
5.96174 5.71243 0.294037 -0.867028 14.8886
5.96138 5.72124 0.260379 -0.850221 14.9226
5.96128 5.72894 0.226556 -0.84096 14.9568
5.96138 5.7355 0.192649 -0.835858 14.9908
5.96161 5.74091 0.158695 -0.833072 15.0249
5.9619 5.74514 0.124556 -0.847562 15.0592
5.96218 5.74817 0.0880657 -0.861931 15.0931
5.96239 5.75003 0.0536803 -0.869635 15.1273
5.96247 5.75072 0.0222389 -0.871029 15.1613
5.96234 5.75028 -0.0117924 -0.864996 15.1956
5.96195 5.74874 -0.0457458 -0.852367 15.2295
5.96124 5.74613 -0.0795392 -0.838918 15.2636
5.96012 5.74243 -0.113603 -0.838238 15.2975
5.95855 5.73767 -0.147606 -0.845209 15.3315
5.95646 5.73187 -0.181581 -0.843559 15.3656
5.95378 5.72505 -0.215607 -0.841491 15.3996
5.95046 5.71724 -0.249632 -0.843098 15.4336
5.94644 5.70847 -0.283601 -0.843809 15.468
5.94167 5.69879 -0.317556 -0.842652 15.502
5.93608 5.68822 -0.351627 -0.842453 15.5361
5.92962 5.67681 -0.385633 -0.843036 15.5702
5.92224 5.6646 -0.419634 -0.842897 15.6042
5.91389 5.65163 -0.453648 -0.84261 15.6384
5.90452 5.63796 -0.487656 -0.842936 15.6724
5.89409 5.62362 -0.521658 -0.843186 15.7066
5.88254 5.60866 -0.555662 -0.842875 15.7405
5.86984 5.59315 -0.589669 -0.842529 15.7744
5.85594 5.57714 -0.623674 -0.842656 15.8085
5.84081 5.56068 -0.65768 -0.842999 15.8426
5.82441 5.54383 -0.691686 -0.842979 15.8765
5.8067 5.52665 -0.725693 -0.842634 15.9105
5.78766 5.50921 -0.758466 -0.844083 15.9446
5.76731 5.49163 -0.790314 -0.887024 15.9786
5.74613 5.47436 -0.810705 -0.746095 16.0126
5.72434 5.4575 -0.825527 -0.606577 16.0467
5.70197 5.44089 -0.839442 -0.425726 16.0809
5.67907 5.42436 -0.853882 -0.220078 16.1151
5.65568 5.40772 -0.868953 -0.00191038 16.1491
5.63189 5.39078 -0.884565 0.221271 16.1833
5.60778 5.37331 -0.901259 0.442655 16.2174
5.58346 5.3551 -0.918749 0.658921 16.2515
5.5591 5.33597 -0.93616 0.872373 16.2856
5.53485 5.31571 -0.952111 1.08747 16.3196
5.51093 5.29414 -0.967149 1.31024 16.3535
5.48749 5.271 -0.985444 1.53792 16.3876
5.46482 5.24613 -0.999147 1.75028 16.4215
5.44338 5.21965 -1.00382 1.821 16.4557
5.42346 5.19187 -1.00579 1.69967 16.4895
5.40522 5.16295 -1.00324 1.56378 16.5237
5.38858 5.13318 -1.00317 1.47267 16.5578
5.37345 5.10262 -1.00312 1.42718 16.592
5.3598 5.07137 -1.00307 1.35951 16.6263
5.34761 5.03952 -1.00299 1.28206 16.6603
5.33682 5.00722 -1.00016 1.23124 16.6945
5.3274 4.97455 -1.00223 1.22624 16.7284
5.31938 4.94159 -1.00185 1.17943 16.7626
5.31267 4.90836 -0.997118 1.1432 16.7965
5.30728 4.87499 -0.99563 1.12683 16.8305
5.30319 4.84155 -0.99145 1.11457 16.8645
5.30038 4.80808 -0.988124 1.10187 16.8985
5.29883 4.77466 -0.984288 1.09164 16.9325
5.29853 4.74131 -0.979155 1.07224 16.9665
5.29944 4.70805 -0.989419 1.03569 17.0006
5.30153 4.67483 -0.989662 0.97673 17.0346
5.30472 4.64167 -0.987004 0.886022 17.0685
5.30895 4.60839 -1.00523 0.751687 17.1027
5.31398 4.57506 -1.00161 0.614655 17.1366
5.31977 4.54151 -1.00223 0.438813 17.1707
5.32607 4.50803 -1.00171 0.422761 17.2049
5.33286 4.47465 -1.00189 0.480286 17.239
5.34017 4.44138 -1.00223 0.426339 17.2731
5.348 4.40904 -0.974245 1.59093 17.3073
5.35751 4.37702 -0.984433 1.82938 17.3414
5.36881 4.34561 -0.983609 0.724983 17.3756
5.38068 4.31522 -0.958289 0.44028 17.4095
5.3927 4.2859 -0.930629 0.908053 17.4435
5.40517 4.25782 -0.905581 0.802865 17.4776
5.41793 4.23097 -0.889585 0.417583 17.5118
5.43074 4.205 -0.85913 0.423168 17.5458
5.44345 4.18017 -0.832787 0.448707 17.58
5.45599 4.15657 -0.806876 0.4322 17.614
5.46834 4.13409 -0.781889 0.390141 17.648
5.48048 4.11268 -0.757894 0.332816 17.6822
5.49237 4.09226 -0.733943 0.264067 17.7163
5.50394 4.07278 -0.710349 0.186847 17.7503
5.51526 4.05399 -0.691891 0.14764 17.7845
5.52639 4.03573 -0.679898 0.13602 17.8185
5.53728 4.01804 -0.6724 0.135394 17.8526
5.54795 4.00097 -0.660883 0.157751 17.8865
5.55773 3.98568 -0.601083 0.0922832 17.9206
5.56776 3.97166 -0.58768 0.0207838 17.9546
5.57837 3.95816 -0.575954 -0.0224792 17.9887
5.58919 3.94501 -0.553924 -0.0630109 18.0227
5.59994 3.93216 -0.54554 -0.0932786 18.0567
5.61044 3.91809 -0.570821 -0.111391 18.0908
5.62059 3.90412 -0.547775 -0.0976607 18.1249
5.63116 3.89182 -0.536619 -0.084777 18.159
5.6413 3.88004 -0.525489 -0.0718915 18.1932
5.65102 3.86856 -0.515252 -0.0591587 18.2274
5.66039 3.85735 -0.505939 -0.046533 18.2613
5.6694 3.84623 -0.497304 -0.0344371 18.2953
5.67767 3.8362 -0.4414 -0.0285845 18.3295
5.68555 3.82656 -0.429826 -0.0109765 18.3636
5.69337 3.81745 -0.41906 0.00630523 18.3976
5.70093 3.8086 -0.408266 0.0236626 18.4316
5.70827 3.80018 -0.397837 0.0410985 18.4656
5.71536 3.79226 -0.386307 0.0577406 18.4996
5.72224 3.78441 -0.378407 0.0374728 18.5337
5.72965 3.77434 -0.481638 -0.0114864 18.5678
5.73725 3.76198 -0.478524 -0.0284151 18.602
5.74457 3.75105 -0.4277 -0.0774617 18.636
5.75252 3.74012 -0.458465 -0.139745 18.6703
5.76003 3.73036 -0.413696 -0.172665 18.7044
5.76726 3.72171 -0.378094 -0.206825 18.7383
5.77442 3.71356 -0.352767 -0.256647 18.7723
5.78153 3.70511 -0.355974 -0.284457 18.8066
5.78819 3.69541 -0.354194 -0.285209 18.8406
5.79381 3.68576 -0.340659 -0.352974 18.8746
5.79895 3.67618 -0.331076 -0.407304 18.9085
5.80385 3.66675 -0.323049 -0.380724 18.9425
5.80856 3.65754 -0.31472 -0.332613 18.9766
5.81297 3.64846 -0.306604 -0.31057 19.0105
5.81717 3.63954 -0.297501 -0.322477 19.0447
5.82118 3.6308 -0.287499 -0.303276 19.0788
5.825 3.62225 -0.278612 -0.272981 19.1128
5.82864 3.61387 -0.27027 -0.262563 19.147
5.83213 3.60568 -0.262422 -0.254976 19.181
5.83545 3.59766 -0.255226 -0.237607 19.2152
5.83862 3.58983 -0.248742 -0.222005 19.2492
5.84167 3.58217 -0.242254 -0.212632 19.2835
5.84459 3.57468 -0.236117 -0.202202 19.3175
5.84738 3.56737 -0.230137 -0.190094 19.3515
5.85006 3.56022 -0.224256 -0.180203 19.3856
5.85263 3.55324 -0.218744 -0.173154 19.4195
5.85509 3.54642 -0.213223 -0.164884 19.4534
5.85746 3.53976 -0.207859 -0.152772 19.4875
5.85973 3.53326 -0.202627 -0.145011 19.5216
5.86191 3.52691 -0.197516 -0.139134 19.5557
5.86401 3.52071 -0.192534 -0.131296 19.5898
5.86602 3.51465 -0.187684 -0.123578 19.6238
5.86797 3.50874 -0.182942 -0.117494 19.6578
5.86984 3.50298 -0.178322 -0.111594 19.6919
5.87164 3.49735 -0.173819 -0.105388 19.726
5.87337 3.49185 -0.16943 -0.0997048 19.7603
5.87505 3.48649 -0.165149 -0.0945909 19.7944
5.87666 3.48127 -0.160976 -0.0895792 19.8284
5.87822 3.47616 -0.156908 -0.0847216 19.8624
5.87973 3.47119 -0.152943 -0.0802263 19.8966
5.88118 3.46633 -0.149078 -0.0759992 19.9305
5.88259 3.46159 -0.14531 -0.0719313 19.9646
5.88395 3.45697 -0.141638 -0.0680748 19.9989
5.88526 3.45247 -0.138058 -0.064456 20.0327
5.88653 3.44807 -0.134569 -0.0610232 20.0668
5.88776 3.44379 -0.131168 -0.0577561 20.1008
5.88896 3.43961 -0.127854 -0.0546686 20.135
5.89011 3.43553 -0.124623 -0.0517518 20.1692
5.89123 3.43155 -0.121474 -0.0489849 20.2032
5.89231 3.42768 -0.118405 -0.0463623 20.2372
5.89336 3.4239 -0.115415 -0.0438821 20.2714
5.89438 3.42021 -0.112527 -0.0415299 20.3054
5.89537 3.41661 -0.109663 -0.039299 20.3395
5.89633 3.41311 -0.106894 -0.0372053 20.3736
5.89725 3.40969 -0.104196 -0.0352162 20.4076
5.89816 3.40636 -0.101567 -0.0333226 20.4416
5.89903 3.40311 -0.0990049 -0.0315344 20.4755
5.89988 3.39994 -0.096508 -0.0298457 20.5095
5.90071 3.39685 -0.0940746 -0.0282435 20.5436
5.90151 3.39384 -0.0917033 -0.0267248 20.5776
5.90229 3.3909 -0.0893924 -0.0252888 20.6117
5.90304 3.38803 -0.0871405 -0.0239293 20.6458
5.90378 3.38524 -0.0849461 -0.0226407 20.6798
5.9065 3.37479 -0.317845 -0.457798 20.7137
5.90933 3.36317 -0.351949 -0.602822 20.7479
5.9122 3.35035 -0.386462 -0.320498 20.7819
5.91517 3.33637 -0.420499 -0.313303 20.8161
5.9182 3.32122 -0.454216 -0.473092 20.8502
5.92121 3.3049 -0.48829 -0.436126 20.8843
5.92417 3.28738 -0.52245 -0.355999 20.9183
5.9271 3.26869 -0.556382 -0.397252 20.9526
5.92993 3.24882 -0.590327 -0.431697 20.9866
5.93263 3.22777 -0.624393 -0.399758 21.0206
5.93517 3.20553 -0.658424 -0.388579 21.0545
5.93753 3.1821 -0.692393 -0.409404 21.0885
5.93966 3.1575 -0.726398 -0.410415 21.1226
5.94154 3.13171 -0.760429 -0.398432 21.1565
5.94314 3.10475 -0.794433 -0.400946 21.1907
5.9444 3.07681 -0.822494 -0.492319 21.2247
5.94518 3.04829 -0.838927 -0.765105 21.2588
5.94521 3.01921 -0.855307 -1.0318 21.293
5.94424 2.98954 -0.867814 -1.18073 21.3271
5.94202 2.95938 -0.892384 -1.40624 21.3611
5.93832 2.92841 -0.910548 -1.44189 21.3952
5.93287 2.89682 -0.93166 -1.52655 21.4294
5.92558 2.86472 -0.951862 -1.65579 21.4635
5.91629 2.83235 -0.971629 -1.80673 21.4975
5.90477 2.79993 -0.991352 -1.96822 21.5315
5.89108 2.76825 -0.999993 -2.08395 21.5655
5.87539 2.73802 -0.994207 -2.13448 21.5995
5.85773 2.7093 -0.990067 -2.14326 21.6335
5.83817 2.68213 -0.986867 -2.11348 21.6675
5.81681 2.65656 -0.98539 -2.06338 21.7015
5.7938 2.63263 -0.983647 -2.00051 21.7355
5.76927 2.61039 -0.973717 -1.9277 21.7697
5.74338 2.58981 -0.982482 -1.84596 21.8037
5.71627 2.57094 -0.982938 -1.75444 21.8377
5.68806 2.55367 -0.981182 -1.65732 21.8718
5.65892 2.53803 -0.983669 -1.56046 21.9057
5.62895 2.52394 -0.983539 -1.46814 21.9399
5.59828 2.51134 -0.983984 -1.38442 21.9739
5.56701 2.50014 -0.992489 -1.27965 22.0081
5.53515 2.49032 -0.992966 -1.14463 22.0421
5.5027 2.4816 -0.997123 -0.99841 22.0763
5.4698 2.474 -0.998155 -0.860408 22.1104
5.43657 2.46735 -0.998178 -0.794172 22.1445
5.40312 2.46159 -0.998379 -0.757839 22.1786
5.36955 2.4567 -0.998323 -0.727359 22.2125
5.33589 2.45263 -0.997843 -0.698625 22.2466
5.30216 2.44936 -0.997269 -0.669543 22.2807
5.26837 2.44687 -0.997817 -0.637697 22.3385
5.23453 2.44509 -0.997931 -0.603303 22.3699
5.20065 2.44401 -0.997903 -0.571512 22.3988
5.16669 2.44357 -0.998745 -0.513457 22.4294
5.13273 2.44373 -0.99879 -0.473204 22.4609
5.09876 2.44444 -0.998776 -0.469125 22.4932
5.06482 2.44568 -0.99879 -0.450527 22.5261
5.03089 2.44745 -0.998834 -0.415352 22.5593
4.997 2.44969 -0.998848 -0.396498 22.5928
4.96313 2.45239 -0.998859 -0.379864 22.6263
4.92931 2.45552 -0.998873 -0.361269 22.6601
4.89552 2.45907 -0.998901 -0.33582 22.6939
4.86177 2.463 -0.998899 -0.326273 22.7278
4.82807 2.4673 -0.998924 -0.303495 22.7616
4.79442 2.47196 -0.998927 -0.290974 22.7956
4.76083 2.47695 -0.998517 -0.278577 22.8295
4.7273 2.48226 -0.997889 -0.283525 22.8635
4.69384 2.48788 -0.999235 -0.264687 22.8975
4.66041 2.4938 -0.998717 -0.244236 22.9317
4.62703 2.5 -0.999061 -0.233466 22.9657
4.59369 2.50647 -0.99896 -0.219015 22.9998
4.5604 2.51319 -0.999148 -0.210061 23.0339
4.52717 2.52015 -0.999156 -0.20581 23.0681
4.49397 2.52758 -0.965854 -1.43055 23.1022
4.46231 2.53631 -0.919672 -2.57205 23.1362
4.43231 2.54731 -0.989175 -2.0817 23.1706
4.40344 2.56054 -0.982573 -1.18254 23.2045
4.37471 2.5746 -0.960673 -0.92965 23.2386
4.34688 2.58958 -0.941663 -0.815509 23.2727
4.32022 2.60491 -0.915912 -0.70914 23.3066
4.29467 2.62043 -0.89046 -0.604405 23.3405
4.27017 2.636 -0.865113 -0.50008 23.3745
4.24665 2.6515 -0.839857 -0.395806 23.4085
4.22405 2.66684 -0.814708 -0.290427 23.4426
4.20231 2.6819 -0.789668 -0.183756 23.4767
4.18137 2.6966 -0.764722 -0.0761727 23.5107
4.16115 2.71086 -0.739229 0.0327632 23.5448
4.14161 2.72461 -0.714571 0.142744 23.5788
4.1227 2.73778 -0.689245 0.25351 23.6129
4.10436 2.75034 -0.662409 0.372825 23.6472
4.08653 2.7622 -0.637559 0.499779 23.6812
4.069 2.77345 -0.618757 0.622904 23.7153
4.05143 2.78421 -0.607247 0.707458 23.7494
4.03392 2.79431 -0.593547 0.686799 23.7835
4.0166 2.80377 -0.579065 0.620296 23.8174
3.99956 2.81264 -0.566202 0.57621 23.8516
3.98281 2.82096 -0.553255 0.540162 23.8856
3.96632 2.82878 -0.540675 0.516297 23.9195
3.95012 2.83612 -0.528322 0.494319 23.9537
3.9342 2.84302 -0.516389 0.467219 23.9877
3.91857 2.84951 -0.503289 0.442325 24.0215
3.90324 2.85563 -0.489896 0.418603 24.0557
3.88823 2.86139 -0.476133 0.402965 24.0897
3.87357 2.86678 -0.46577 0.412879 24.1237
3.85923 2.87179 -0.453966 0.409521 24.1578
3.84522 2.87646 -0.442581 0.399716 24.1921
3.83153 2.88083 -0.431592 0.385993 24.2261
3.81815 2.88491 -0.420854 0.369942 24.2602
3.80507 2.88871 -0.410351 0.352535 24.2943
3.79227 2.89227 -0.400191 0.334671 24.3285
3.77977 2.89559 -0.390193 0.316657 24.3625
3.76755 2.8987 -0.380111 0.297956 24.3966
3.7556 2.90161 -0.371662 0.280199 24.4305
3.74393 2.90434 -0.361926 0.257861 24.4645
3.73252 2.90689 -0.351278 0.242649 24.4986
3.72138 2.9093 -0.343858 0.22537 24.5327
3.71049 2.91155 -0.334693 0.208405 24.5667
3.69984 2.91369 -0.325447 0.19176 24.6008
3.68943 2.91571 -0.317508 0.163231 24.635
3.67922 2.91763 -0.310968 0.130875 24.669
3.66923 2.91946 -0.302809 0.104695 24.7032
3.65948 2.9212 -0.294915 0.109223 24.7374
3.64998 2.92287 -0.287165 0.11126 24.7715
3.64072 2.92445 -0.279537 0.0988644 24.8057
3.63168 2.92597 -0.272095 0.0911503 24.8396
3.62288 2.92742 -0.264986 0.0903602 24.8736
3.61429 2.9288 -0.2556 0.0860823 24.9077
3.6059 2.93012 -0.246812 0.0802832 24.9417
3.59775 2.93138 -0.241004 0.0756114 24.9755
3.58981 2.93259 -0.23616 0.076644 25.0096
3.58207 2.93376 -0.231029 0.066692 25.0435
3.57452 2.93487 -0.225025 0.0610627 25.0776
3.56716 2.93595 -0.21923 0.0624361 25.1116
3.55999 2.93698 -0.213591 0.0594084 25.1458
3.553 2.93796 -0.208088 0.0539715 25.1798
3.54619 2.93892 -0.202733 0.0515141 25.2139
3.53955 2.93983 -0.197527 0.0499262 25.248
3.53309 2.94071 -0.192455 0.0468929 25.2823
3.52678 2.94156 -0.187507 0.0439259 25.3163
3.52064 2.94238 -0.182238 0.0419544 25.3504
3.51465 2.94317 -0.177627 0.0399731 25.3846
3.50882 2.94393 -0.173107 0.0375526 25.4187
3.50313 2.94466 -0.168704 0.0354876 25.4528
3.49758 2.94537 -0.164414 0.0337592 25.4867
3.49218 2.94606 -0.160234 0.0319468 25.5206
3.48691 2.94672 -0.15616 0.0301414 25.5547
3.48178 2.94736 -0.152192 0.0285357 25.5887
3.47677 2.94798 -0.148325 0.0270344 25.6227
3.47189 2.94858 -0.144546 0.0199365 25.6569
3.46714 2.94916 -0.140881 0.0225433 25.691
3.46251 2.94972 -0.137307 0.0218953 25.725
3.45799 2.95026 -0.133821 0.0208161 25.7591
3.45359 2.95079 -0.130421 0.0170716 25.7933
3.4493 2.9513 -0.127117 0.0188591 25.8276
3.44511 2.9518 -0.123893 0.0171007 25.8615
3.44104 2.95228 -0.120752 0.0168192 25.8956
3.43706 2.95275 -0.11769 0.0141387 25.9296
3.43319 2.9532 -0.11471 0.0153532 25.9636
3.42941 2.95364 -0.111804 0.0135601 25.9977
3.42573 2.95407 -0.108974 0.0137093 26.0317
3.42215 2.95448 -0.106214 0.0115459 26.0658
3.41865 2.95489 -0.103873 0.011364 26.0998
3.41525 2.95528 -0.101174 0.0106546 26.1339
3.41193 2.95566 -0.0985699 0.0120516 26.1679
3.40869 2.95603 -0.0960292 0.00980336 26.202
3.40554 2.95639 -0.0935582 0.0100185 26.2362
3.40248 2.95673 -0.0911494 0.00851143 26.2878
3.39949 2.95707 -0.0888072 0.00939442 26.3229
3.39657 2.9574 -0.0865243 0.00798912 26.3563
3.39374 2.95772 -0.0843006 0.0083975 26.39
3.38316 2.9589 -0.319898 0.223116 26.4241
3.37133 2.96013 -0.348598 0.280146 26.4585
3.35838 2.96137 -0.382264 0.14722 26.4923
3.34427 2.96264 -0.416224 0.148709 26.526
3.32901 2.96393 -0.450342 0.221242 26.5598
3.31258 2.96519 -0.484264 0.202403 26.5937
3.295 2.96643 -0.518155 0.167266 26.6275
3.27625 2.96764 -0.552156 0.186341 26.6616
3.25635 2.9688 -0.586146 0.20088 26.6955
3.23528 2.96988 -0.62008 0.186849 26.7298
3.21306 2.97088 -0.654032 0.182282 26.7637
3.18968 2.97178 -0.688009 0.191014 26.7976
3.16513 2.97257 -0.721968 0.191351 26.8317
3.13943 2.97323 -0.755918 0.186589 26.8657
3.11257 2.97375 -0.790163 0.188711 26.8996
3.08486 2.9741 -0.815443 0.32583 26.9336
3.05655 2.9741 -0.83292 0.615801 26.9677
3.02766 2.9735 -0.850119 0.85148 27.0017
2.99821 2.97202 -0.867612 1.01203 27.0358
2.96823 2.96946 -0.885228 1.22352 27.0698
2.93773 2.96557 -0.904778 1.43245 27.1038
2.90681 2.96006 -0.923905 1.60135 27.1379
2.87559 2.95272 -0.943563 1.77953 27.172
2.84423 2.9433 -0.963537 1.96977 27.206
2.81293 2.93155 -0.983837 2.14031 27.2401
2.78194 2.91725 -1.00417 2.29632 27.2741
2.75215 2.90061 -1.00387 2.14443 27.3082
2.72364 2.88187 -1.00355 1.9095 27.3423
2.69642 2.86131 -1.00344 1.86995 27.3763
2.67056 2.83907 -1.0034 1.82942 27.4106
2.64612 2.81529 -1.00337 1.69561 27.4445
2.62326 2.79029 -1.00098 1.70333 27.4786
2.60186 2.76401 -1.00139 1.64369 27.5126
2.58201 2.73666 -1.00125 1.56553 27.5465
2.56364 2.7083 -1.00109 1.48677 27.5805
2.54673 2.67906 -0.993757 1.41432 27.6146
2.53128 2.64909 -0.993699 1.38045 27.6487
2.51729 2.61852 -0.992662 1.3455 27.6827
2.50474 2.58741 -0.991883 1.29868 27.7168
2.49359 2.55582 -0.991106 1.24653 27.7508
2.4838 2.5238 -0.992676 1.19139 27.7849
2.47532 2.49145 -0.991109 1.12624 27.8191
2.46807 2.45875 -0.988229 1.05972 27.8531
2.46199 2.42577 -0.990216 0.978719 27.8873
2.45702 2.39255 -1.00065 0.881001 27.9215
2.453 2.35908 -0.999113 0.783615 27.9555
2.44985 2.32528 -1.00205 0.667855 27.9895
2.44745 2.29131 -1.00175 0.544821 28.0236
2.44569 2.2573 -1.00136 0.562479 28.0575
2.44458 2.22327 -1.00161 0.568012 28.0918
2.44412 2.18922 -1.00162 0.5376 28.1258
2.44427 2.15517 -1.00167 0.456261 28.1598
2.44495 2.12113 -1.00137 0.4407 28.194
2.44614 2.0871 -1.0015 0.460254 28.2282
2.44786 2.05309 -1.0016 0.425807 28.2623
2.45006 2.01911 -1.00151 0.386242 28.2965
2.45271 1.98517 -1.00109 0.369551 28.3304
2.45579 1.95126 -1.00106 0.361302 28.3645
2.45927 1.91739 -1.00104 0.34056 28.3986
2.46315 1.88357 -1.00096 0.319567 28.4325
2.46738 1.84979 -1.0009 0.302449 28.4665
2.47197 1.81606 -1.00083 0.292928 28.5006
2.47689 1.78238 -1.00086 0.273563 28.5346
2.48212 1.74876 -1.00124 0.262722 28.5687
2.48763 1.71523 -1.00186 0.26617 28.6026
2.49345 1.68176 -1.00351 0.267533 28.6367
2.49956 1.64839 -1.00416 0.26347 28.6707
2.50597 1.61511 -1.00473 0.259461 28.7047
2.51266 1.5819 -1.00527 0.255791 28.739
2.51963 1.54877 -1.00577 0.251914 28.773
2.52688 1.51574 -1.00611 0.244824 28.8073
2.53535 1.47948 -1.01424 1.12438 28.8413
2.54448 1.4458 -0.998966 1.45488 28.8755
2.55473 1.41412 -0.990237 1.44957 28.9096
2.56617 1.38385 -0.98296 1.27391 28.9435
2.57861 1.35481 -0.958354 1.12538 28.9776
2.59181 1.32698 -0.933448 0.993803 29.0116
2.60556 1.30034 -0.908061 0.874347 29.0456
2.61969 1.27486 -0.882599 0.759939 29.0795
2.63404 1.25049 -0.856816 0.648872 29.1137
2.64846 1.22717 -0.831464 0.53713 29.1477
2.66283 1.20485 -0.806215 0.440744 29.1817
2.67702 1.18354 -0.777212 0.357088 29.2159
2.69095 1.16315 -0.757044 0.265411 29.2501
2.70456 1.14362 -0.72676 0.152227 29.2841
2.7178 1.12484 -0.707069 0.0187471 29.3183
2.73061 1.10667 -0.680005 -0.124829 29.3525
2.74289 1.0891 -0.65498 -0.268669 29.3865
2.75456 1.07207 -0.630313 -0.403755 29.4205
2.76569 1.05534 -0.611953 -0.513339 29.4546
2.77643 1.03859 -0.605479 -0.609652 29.4885
2.78669 1.02182 -0.594101 -0.68272 29.5227
2.79638 1.00515 -0.581569 -0.651178 29.5569
2.80548 0.988683 -0.568983 -0.587346 29.5907
2.81403 0.97244 -0.556842 -0.563197 29.6248
2.82208 0.956427 -0.542881 -0.55226 29.659
2.82963 0.940661 -0.529491 -0.518633 29.6929
2.83673 0.925152 -0.515895 -0.483681 29.7271
2.8434 0.909913 -0.502543 -0.464452 29.7611
2.84967 0.894948 -0.489349 -0.445591 29.7952
2.85557 0.880262 -0.476297 -0.419748 29.8293
2.86108 0.865907 -0.464307 -0.414216 29.8634
2.86626 0.851838 -0.450754 -0.409106 29.8976
2.87107 0.83813 -0.436667 -0.4192 29.9315
2.87558 0.824746 -0.423987 -0.414713 29.9655
2.87978 0.811664 -0.411986 -0.396333 29.9996
2.88371 0.798848 -0.40014 -0.369806 30.0337
2.8874 0.786272 -0.389356 -0.333752 30.0677
2.89087 0.773903 -0.380851 -0.279408 30.1017
2.89414 0.76175 -0.371121 -0.227975 30.1357
2.89724 0.749855 -0.361311 -0.227652 30.1697
2.90018 0.738231 -0.352216 -0.222185 30.2039
2.90296 0.726887 -0.34331 -0.204687 30.2379
2.90559 0.715807 -0.334583 -0.190162 30.272
2.90808 0.704991 -0.326043 -0.183776 30.3062
2.91044 0.694437 -0.317588 -0.175836 30.3404
2.91268 0.684137 -0.309691 -0.165069 30.3745
2.9148 0.674086 -0.30216 -0.157276 30.4085
2.91682 0.664279 -0.294508 -0.149239 30.4426
2.91874 0.654711 -0.287048 -0.141144 30.4766
2.92057 0.645376 -0.279774 -0.133944 30.5106
2.92231 0.63627 -0.272682 -0.127238 30.5445
2.92396 0.627388 -0.265768 -0.120581 30.5786
2.92554 0.618724 -0.259028 -0.114245 30.6127
2.92705 0.610275 -0.252457 -0.108378 30.6467
2.92849 0.602034 -0.246052 -0.10278 30.6807
2.92986 0.593997 -0.239809 -0.0973885 30.7149
2.93117 0.586161 -0.233723 -0.0922988 30.749
2.93243 0.578519 -0.227792 -0.0874993 30.7831
2.93363 0.571067 -0.22201 -0.0829214 30.8172
2.93478 0.563802 -0.216375 -0.0785642 30.8513
2.93588 0.556717 -0.210882 -0.0744433 30.8852
2.93694 0.54981 -0.205529 -0.0705362 30.9194
2.93795 0.543076 -0.200312 -0.066821 30.9535
2.93893 0.536511 -0.195227 -0.0632962 30.9875
2.93986 0.53011 -0.190272 -0.0599566 31.0216
2.94076 0.52387 -0.185442 -0.056788 31.0555
2.94163 0.517787 -0.180736 -0.053781 31.0896
2.94246 0.511857 -0.176149 -0.0509305 31.1236
2.94326 0.506075 -0.171679 -0.0482288 31.1576
2.94403 0.50044 -0.167323 -0.045667 31.1918
2.94478 0.494946 -0.163398 -0.0408951 31.2261
2.9455 0.489593 -0.159204 -0.0410923 31.2602
2.94619 0.484376 -0.155129 -0.0396207 31.2944
2.94686 0.479293 -0.151168 -0.0361167 31.3284
2.9475 0.474339 -0.147308 -0.0341123 31.3625
2.94812 0.469512 -0.143512 -0.0334146 31.3964
2.94872 0.464808 -0.139818 -0.03172 31.4303
2.94931 0.460225 -0.136223 -0.0294149 31.4644
2.94987 0.455759 -0.132722 -0.0279006 31.4988
2.95041 0.451406 -0.129254 -0.0266261 31.5326
2.95094 0.447163 -0.125414 -0.0170613 31.5666
2.95145 0.443028 -0.121527 -0.021614 31.6006
2.95194 0.438997 -0.117418 -0.0251978 31.6348
2.95241 0.435068 -0.113097 -0.023282 31.6688
2.95288 0.43124 -0.108932 -0.0129768 31.7028
2.95333 0.427511 -0.105226 -0.014923 31.737
2.95377 0.423879 -0.101729 -0.017536 31.7713
2.95419 0.42034 -0.0983069 -0.0189771 31.8054
2.95459 0.416893 -0.0951136 -0.0147911 31.8393
2.95499 0.413534 -0.0919561 -0.0142439 31.8734
2.95538 0.410262 -0.0890017 -0.0108722 31.9075
2.95575 0.407074 -0.0860449 -0.0130363 31.9414
2.95611 0.403969 -0.083339 -0.0131393 31.9754
2.95647 0.400945 -0.0806981 -0.013252 32.0096
2.95681 0.397997 -0.0782169 -0.0093283 32.0436
2.95714 0.395127 -0.0758581 -0.0102623 32.0776
2.95746 0.392332 -0.0735267 -0.00922875 32.1116
2.95867 0.381681 -0.327875 -0.248116 32.1457
2.95994 0.369759 -0.360688 -0.33252 32.1797
2.96119 0.35667 -0.393708 -0.17677 32.2137
2.96246 0.342408 -0.425442 -0.168542 32.2478
2.96374 0.326996 -0.457594 -0.253653 32.2818
2.96498 0.310426 -0.490298 -0.239703 32.3159
2.96615 0.292693 -0.523455 -0.197561 32.3501
2.96726 0.273799 -0.556733 -0.215755 32.3842
2.96829 0.253747 -0.590194 -0.236594 32.4183
2.96922 0.232537 -0.624181 -0.220111 32.4525
2.97003 0.210165 -0.658162 -0.211097 32.4865
2.97071 0.186634 -0.692106 -0.222327 32.5205
2.97124 0.161945 -0.726062 -0.224345 32.5547
2.9716 0.136098 -0.760033 -0.217572 32.5885
2.97177 0.109093 -0.794287 -0.220193 32.6227
2.97171 0.0812851 -0.81775 -0.37381 32.6567
2.97127 0.0529233 -0.83397 -0.669543 32.6908
2.97016 0.0240192 -0.850636 -0.892233 32.7247
2.96812 -0.0054099 -0.86757 -1.05275 32.7588
2.96494 -0.0353695 -0.886021 -1.24586 32.7928
2.96039 -0.0657707 -0.904049 -1.45587 32.8268
2.9542 -0.0965223 -0.922557 -1.64119 32.8609
2.94613 -0.127501 -0.941555 -1.8142 32.8949
2.93595 -0.158544 -0.960924 -1.99161 32.9292
2.92342 -0.189441 -0.980676 -2.16853 32.9632
2.90844 -0.21977 -0.995214 -2.24855 32.9974
2.8912 -0.248887 -0.995588 -2.06966 33.0316
2.87196 -0.276739 -0.995948 -1.88412 33.0655
2.85097 -0.303303 -0.996064 -1.84319 33.0995
2.82835 -0.328507 -0.996203 -1.78461 33.1336
2.80425 -0.352307 -0.996461 -1.66208 33.1675
2.77884 -0.374718 -0.996678 -1.56763 33.2015
2.75236 -0.395704 -0.99276 -1.54333 33.2356
2.72488 -0.415196 -0.994811 -1.54149 33.2697
2.69647 -0.433232 -0.995223 -1.444 33.3037
2.66721 -0.449828 -0.995744 -1.37909 33.338
2.6372 -0.465032 -0.995792 -1.31293 33.3721
2.60655 -0.478886 -0.995926 -1.24592 33.4061
2.57533 -0.491437 -0.996098 -1.18041 33.4402
2.54363 -0.502734 -0.9963 -1.11679 33.4743
2.5115 -0.512826 -0.996492 -1.05598 33.5083
2.47902 -0.521767 -0.996696 -0.998139 33.5425
2.44623 -0.529611 -0.997187 -0.944368 33.5766
2.41322 -0.536395 -0.992874 -0.897454 33.6105
2.38001 -0.542169 -0.992908 -0.853519 33.6446
2.34665 -0.546975 -0.994316 -0.816173 33.6786
2.31316 -0.550859 -0.993809 -0.769427 33.7125
2.27957 -0.55387 -0.9944 -0.723898 33.7466
2.24588 -0.556063 -0.997966 -0.675666 33.7806
2.21211 -0.557489 -0.997654 -0.627118 33.8146
2.17829 -0.558202 -0.999187 -0.582039 33.8488
2.14441 -0.558248 -0.999178 -0.527402 33.8826
2.11049 -0.557687 -0.998322 -0.490287 33.9168
2.07658 -0.556562 -0.998508 -0.471788 33.9507
2.04268 -0.554896 -0.998266 -0.448248 33.9849
2.00882 -0.552716 -0.998511 -0.425084 34.0189
1.97498 -0.55005 -0.998572 -0.397226 34.0529
1.94117 -0.546929 -0.999598 -0.375427 34.0871
1.90739 -0.543379 -0.999701 -0.348992 34.1208
1.87364 -0.539431 -0.999935 -0.32838 34.1547
1.83992 -0.535109 -1.00001 -0.303811 34.1889
1.80624 -0.530439 -1.00006 -0.29339 34.2233
1.77261 -0.525437 -0.999684 -0.2755 34.2574
1.73903 -0.520119 -1.00019 -0.270726 34.2916
1.70551 -0.514496 -1.00009 -0.252864 34.3256
1.67202 -0.508587 -1.00031 -0.239842 34.3597
1.63857 -0.502407 -1.00036 -0.226075 34.3935
1.60517 -0.495972 -1.00042 -0.213414 34.4277
1.57182 -0.489296 -1.00047 -0.20701 34.4618
1.53851 -0.482387 -1.00052 -0.198942 34.4959
1.50529 -0.475264 -0.999487 -0.184183 34.5301
1.47281 -0.467843 -0.977448 -1.40355 34.5641
1.44095 -0.45896 -0.97182 -2.19899 34.5983
1.4098 -0.447921 -0.97293 -1.32539 34.6325
1.37924 -0.435522 -0.988776 -0.447439 34.6665
1.34896 -0.422683 -0.954951 -0.538025 34.7005
1.31996 -0.409712 -0.92419 -0.612515 34.7345
1.29238 -0.396694 -0.894748 -0.618701 34.7685
1.26607 -0.383604 -0.86678 -0.583596 34.8026
1.24094 -0.370479 -0.840087 -0.522571 34.8366
1.2169 -0.35739 -0.811973 -0.455294 34.8706
1.19394 -0.344432 -0.787842 -0.405941 34.9046
1.17206 -0.33167 -0.764836 -0.362247 34.9385
1.15128 -0.319218 -0.728899 -0.350721 34.9727
1.1316 -0.307097 -0.702176 -0.337277 35.0068
1.113 -0.29534 -0.671501 -0.305045 35.0409
1.09535 -0.283922 -0.669813 -0.212042 35.075
1.07845 -0.272796 -0.646486 -0.0712787 35.1092
1.06222 -0.26209 -0.636492 0.0940359 35.1434
1.04602 -0.251328 -0.621845 0.246494 35.1774
1.03008 -0.240946 -0.598626 0.376872 35.2115
1.01522 -0.23193 -0.579 0.476835 35.2456
1.00084 -0.223944 -0.565484 0.531722 35.2796
0.986709 -0.216575 -0.553253 0.559178 35.3138
0.972542 -0.209168 -0.555943 0.584366 35.3478
0.958187 -0.200932 -0.535678 0.636269 35.3817
0.944059 -0.193682 -0.579323 0.672584 35.4158
0.929007 -0.186483 -0.560201 0.686719 35.4497
0.914171 -0.17987 -0.544952 0.701476 35.4838
0.899688 -0.173835 -0.52907 0.716451 35.5179
0.885871 -0.168483 -0.513097 0.748369 35.5521
0.87406 -0.165734 -0.449372 0.699529 35.5862
0.862592 -0.163808 -0.439995 0.620261 35.6203
0.851073 -0.162112 -0.441257 0.531371 35.6545
0.839451 -0.160414 -0.433165 0.441222 35.6885
0.826703 -0.157313 -0.443843 0.364731 35.7224
0.814386 -0.154352 -0.429189 0.302276 35.7566
0.802733 -0.152129 -0.410699 0.260575 35.7905
0.791548 -0.150511 -0.407331 0.228117 35.8246
0.780992 -0.149546 -0.389826 0.198791 35.8585
0.770815 -0.148682 -0.380835 0.170747 35.8926
0.760661 -0.147238 -0.373308 0.146519 35.9267
0.750822 -0.145842 -0.365331 0.121768 35.9607
0.741158 -0.144328 -0.356175 0.096853 35.9948
0.731561 -0.142528 -0.350751 0.0769918 36.0292
0.721758 -0.140248 -0.344272 0.0642337 36.0631
0.711849 -0.138025 -0.340201 0.0558019 36.0972
0.70184 -0.135865 -0.336002 0.0642783 36.1313
0.691759 -0.133768 -0.334962 0.0731804 36.1655
0.681487 -0.13174 -0.329548 0.0648507 36.1995
0.671335 -0.129745 -0.321656 0.0181109 36.2335
0.661351 -0.127843 -0.306348 -0.03325 36.2676
0.651608 -0.126009 -0.290448 -0.0147362 36.3015
0.642104 -0.124217 -0.273527 0.010591 36.3357
0.63285 -0.122477 -0.258626 -0.00591523 36.3696
0.623882 -0.120786 -0.253614 -0.0181746 36.4037
0.615152 -0.119137 -0.249534 -0.00410391 36.4378
0.606642 -0.117525 -0.24483 0.00195224 36.4719
0.598353 -0.115947 -0.240189 -0.00721195 36.5059
0.590279 -0.114401 -0.235402 -0.00951002 36.54
0.582413 -0.112888 -0.23091 -0.00994202 36.5741
0.574752 -0.111416 -0.226629 -0.00466188 36.6081
0.56729 -0.109991 -0.223371 -0.00354172 36.6422
0.560013 -0.108603 -0.218302 -0.00193995 36.6762
0.55292 -0.107244 -0.212734 -0.00885585 36.7102
0.546009 -0.105919 -0.20725 -0.00771878 36.7444
0.539275 -0.104626 -0.201959 -0.00103342 36.7785
0.532714 -0.103366 -0.196804 -0.0031164 36.8125
0.526322 -0.102138 -0.191434 -0.00488961 36.8466
0.520093 -0.10094 -0.186576 -0.00645482 36.8805
0.514023 -0.0997715 -0.181816 -0.00394217 36.9148
0.508107 -0.0986321 -0.177204 -0.000662065 36.9487
0.502342 -0.0975215 -0.17271 -0.00441268 36.9826
0.496723 -0.0964385 -0.168292 0.000179794 37.0168
0.491248 -0.0953832 -0.164041 -6.09782e-05 37.0508
0.485911 -0.0943547 -0.159865 -0.00439962 37.0851
0.48071 -0.0933516 -0.155794 -0.00529766 37.1191
0.475642 -0.0923733 -0.151831 -0.00190672 37.1532
0.470702 -0.0914196 -0.147988 0.000261746 37.1874
0.465888 -0.0904901 -0.14424 -0.00481354 37.2214
0.461196 -0.0895835 -0.140552 -0.00393187 37.2557
0.456623 -0.0886995 -0.136996 0.00063818 37.2896
0.452166 -0.0878381 -0.133535 -0.000958241 37.3237
0.447822 -0.0869984 -0.130136 -0.00200614 37.3577
0.443588 -0.0861797 -0.126841 -0.00462858 37.3917
0.439462 -0.0853812 -0.123607 -0.00213918 37.4257
0.435441 -0.0846028 -0.12049 0.00161766 37.4598
0.431521 -0.0838442 -0.117451 -0.00256076 37.494
0.427701 -0.0831046 -0.114454 -0.00299306 37.5282
0.423977 -0.0823834 -0.111561 0.000446014 37.5623
0.420348 -0.0816806 -0.108747 0.00115997 37.5964
0.416811 -0.0809956 -0.106002 -0.00545654 37.6304
0.413363 -0.0803274 -0.103285 -0.00281257 37.6644
0.410002 -0.0796759 -0.100695 0.00313137 37.6984
0.406726 -0.0790412 -0.0981684 -0.000451902 37.7325
0.403533 -0.0784224 -0.0956649 0.00070784 37.7666
0.400421 -0.0778195 -0.0932612 0.0011555 37.8005
0.397387 -0.0772318 -0.0909063 -0.00123463 37.8345
0.39443 -0.0766588 -0.0886066 -0.00247595 37.8685
