5.36678e-05 -1.07766e-06 0.000120874 1.21568e-06 0.0741984
5.78112e-05 -1.07521e-06 0.000124897 1.25722e-06 0.107053
0.0012164 -1.07741e-06 0.0335296 4.57648e-05 0.140773
0.00352994 -1.08121e-06 0.0680471 1.61548e-05 0.174371
0.00699754 -1.08401e-06 0.101604 1.2855e-06 0.42235
0.0324164 -1.02361e-06 0.237589 1.30391e-05 0.654633
0.0636121 -7.94535e-07 0.339546 1.71922e-05 0.770478
0.105207 -2.94504e-07 0.441502 1.79493e-05 0.887163
0.157202 5.94215e-07 0.543459 1.78179e-05 0.98643
0.219596 2.00006e-06 0.645417 1.73099e-05 1.0674
0.671992 -0.00625716 1.00738 -0.460557 1.57258
1.232 -0.125829 1.01164 -0.581025 2.15825
1.26324 -0.138273 1.01129 -0.578134 2.20393
1.29424 -0.151336 1.01092 -0.57448 2.21315
1.32498 -0.165009 1.01052 -0.570125 2.22284
1.35547 -0.179283 1.01013 -0.564989 2.23232
1.41563 -0.209612 1.00868 -0.551789 2.36879
1.91646 -0.479305 0.998526 0.873309 2.93884
1.94892 -0.489313 0.99855 0.866801 2.95732
1.98165 -0.49836 0.998841 0.874581 2.97577
2.01464 -0.506432 0.998806 0.874839 2.99456
2.04784 -0.513525 0.997817 0.870201 3.01296
2.08117 -0.519624 0.997746 0.91312 3.0317
2.11468 -0.524709 0.998149 0.895631 3.05022
2.14835 -0.528751 0.99846 0.879984 3.06891
2.18216 -0.531786 0.998613 0.872113 3.08742
2.21604 -0.533816 0.996888 0.875455 3.106
2.24996 -0.534836 0.996445 0.885794 3.12442
2.28273 -0.534831 0.962505 0.892442 3.14281
2.31475 -0.533852 0.941092 0.895328 3.16136
2.3467 -0.531898 0.940948 0.897491 3.1794
2.37857 -0.528967 0.940806 0.900443 3.19733
2.41031 -0.52506 0.940196 0.912877 3.21531
2.44189 -0.520169 0.939957 0.920569 3.23322
2.4733 -0.514289 0.9399 0.909878 3.25151
2.50457 -0.50742 0.942684 0.88838 3.26977
2.53566 -0.499605 0.943328 0.868007 3.28796
2.56652 -0.490874 0.943286 0.865183 3.30717
2.59711 -0.481237 0.943233 0.875846 3.34129
2.6274 -0.470696 0.943182 0.875197 3.37541
2.65736 -0.459257 0.943154 0.869719 3.40975
2.68697 -0.446938 0.943207 0.870499 3.44414
2.71615 -0.433768 0.941035 0.895515 3.47777
2.74494 -0.419698 0.942662 0.891841 3.51175
2.77331 -0.40476 0.942824 0.857609 3.54581
2.80124 -0.388998 0.942819 0.864655 3.57989
3.11237 -0.115355 0.942891 0.872046 4.32924
3.27799 0.194475 0.96791 0.838963 4.71281
3.39431 0.788297 1.0006 -0.245858 5.34277
3.43555 0.98824 1.0008 -0.263275 5.53683
3.5218 1.28188 1.00104 -0.655849 5.84527
3.60677 1.46718 1.00093 -0.612755 6.05047
3.73389 1.66775 0.99673 -0.509741 6.28229
3.79607 1.74836 0.999761 -0.481346 6.37543
3.93003 1.9019 1.00116 -0.300659 6.58543
4.02398 1.99949 1.00451 -0.0540228 6.71623
4.0714 2.04816 1.00419 0.280769 6.80954
4.47465 2.58946 0.998964 0.539686 7.49228
4.53068 2.71315 0.999079 0.534197 7.60742
4.56673 2.80843 0.997827 0.533938 7.70131
4.58785 2.87295 0.997224 0.546495 7.7943
4.63712 3.06946 0.991927 0.255897 7.98708
4.65622 3.16761 0.981886 -0.0338379 8.09232
4.69663 3.36209 0.973423 -0.216327 8.28877
4.74566 3.55281 0.952889 -0.565815 8.48406
4.76517 3.61459 0.952607 -0.406382 8.57806
4.79779 3.70584 0.945245 -0.450013 8.67166
4.8346 3.79498 0.945397 -0.466511 8.76497
4.86152 3.85336 0.945418 -0.48263 8.85807
4.90466 3.93806 0.919397 -0.407108 8.95134
4.95046 4.01953 0.915031 -0.327038 9.04453
4.99888 4.09918 0.913616 -0.290805 9.1388
5.03214 4.15096 0.906749 -0.22949 9.23201
5.08307 4.22719 0.898001 -0.110362 9.32475
5.13499 4.30292 0.901411 -0.127855 9.41754
5.16964 4.35272 0.892742 0.0465498 9.48335
5.20399 4.40233 0.886708 0.0727978 9.55821
5.25454 4.47668 0.881187 0.119665 9.65125
5.28751 4.52644 0.877588 0.188975 9.71623
5.31978 4.57641 0.872128 0.211313 9.78123
5.35115 4.62652 0.866848 0.228289 9.84673
5.36649 4.65168 0.866831 0.222238 9.91169
5.39662 4.7023 0.866281 0.169044 9.9764
5.42606 4.75317 0.862607 0.196087 10.0417
5.4547 4.80415 0.857133 0.170969 10.1068
5.61263 5.11093 0.837216 0.0898556 10.4967
5.6495 5.18795 0.836968 0.0934435 10.6074
5.67367 5.23947 0.837037 0.0972977 10.6665
5.68563 5.2653 0.837086 0.0881677 10.7044
5.69751 5.29116 0.837094 0.0879097 10.7419
5.70931 5.31707 0.837109 0.0929234 10.7793
5.72104 5.34301 0.837134 0.0918692 10.8175
5.73268 5.36899 0.837152 0.0894846 10.8551
5.75565 5.42082 0.833704 0.0690357 10.9116
5.76704 5.44679 0.833698 0.079444 10.9689
5.80087 5.52461 0.808087 -0.0300595 11.0448
5.82272 5.57471 0.80279 -0.0427413 11.1384
5.84464 5.62452 0.799471 -0.0665196 11.1951
