0.0001041 -1.0728e-06 1.80273e-06 -7.76327e-08 0.0372089
0.000104128 -1.07284e-06 3.41454e-06 -5.66304e-08 0.0714407
0.00139153 -6.41519e-07 0.0373498 0.0580381 0.105577
0.00383148 4.28213e-06 0.0714331 0.0745298 0.138565
0.00742786 2.01635e-05 0.105508 0.0386364 0.335097
0.0251512 0.000156168 0.207453 0.0534623 0.588916
0.123239 0.00188409 0.479343 0.049045 0.857009
0.248597 0.0120609 0.537495 0.701727 1.09964
0.302435 0.0225773 0.537866 0.683499 1.22457
0.707401 0.125361 0.500767 -0.6937 1.95864
1.01579 0.0835826 0.212841 -0.689735 2.80537
1.04665 0.064671 0.212013 -0.70085 2.97614
1.05252 0.0604648 0.212464 -0.699719 3.02108
1.06396 0.051639 0.212372 -0.697446 3.06625
1.17107 -0.129993 0.589144 -0.696731 3.86465
1.23049 -0.416174 0.913375 0.147882 4.2393
1.46055 -1.01432 0.374946 0.662925 5.13561
1.61202 -1.12808 0.035279 0.639482 5.81819
1.44929 -1.08664 -0.500162 0.276477 6.46841
1.36699 -1.06539 -0.500055 0.113368 6.63016
1.33394 -1.05739 -0.500189 0.148015 6.67717
1.31738 -1.0535 -0.500207 0.13941 6.72292
1.28421 -1.04596 -0.500263 0.131065 6.80398
1.08363 -1.03351 0.0083983 0.758629 7.47026
1.31168 -0.879607 0.750286 0.690199 8.23377
1.37766 -0.805109 0.75942 0.760935 8.40006
1.44283 -0.720117 0.75306 0.63121 8.56314
1.50509 -0.640952 0.608396 0.732968 8.71908
1.62112 -0.10485 1.00325 0.786959 9.36732
1.38567 0.631168 1.00009 0.201824 10.1769
1.12231 1.10863 0.761829 0.198372 10.7459
1.10901 1.1295 0.72782 0.198068 10.7916
1.03995 1.23271 0.523777 0.19799 10.9803
0.710898 1.65641 1.00027 -0.741786 11.7206
0.485487 2.1269 0.914149 -0.420459 12.2775
0.497633 2.69497 0.782023 -0.695345 13.0227
0.79526 3.22972 0.859311 -0.747277 13.7944
1.23628 3.49302 0.951691 -0.685106 14.3889
1.58329 3.56844 0.960874 -0.575178 14.7588
1.74984 3.57853 0.998866 -0.00383184 14.9388
1.95315 3.58918 0.999519 0.42111 15.127
2.11999 3.60587 0.95702 0.386204 15.2978
2.18218 3.61523 0.916298 0.795163 15.3696
2.30254 3.64218 0.882694 0.751721 15.4956
2.3877 3.66887 0.876093 0.703336 15.6035
2.52008 3.72455 0.826276 0.735277 15.8008
2.7302 3.85739 0.801962 0.559642 16.1077
2.8134 3.92694 0.804801 0.50456 16.2164
2.91044 4.02197 0.800922 0.488888 16.3883
3.05024 4.18574 0.780407 -0.0603494 16.6759
3.11933 4.26928 0.819601 -0.321485 16.8026
3.26828 4.43309 0.798662 -0.484224 17.0821
3.4263 4.5736 0.770964 -0.512576 17.3416
3.48905 4.61962 0.747429 -0.481481 17.4584
3.57422 4.67479 0.74613 -0.477542 17.5932
3.70504 4.74489 0.715428 -0.398328 17.7996
3.78948 4.78282 0.684036 -0.209958 17.9345
3.87401 4.8179 0.674572 -0.128028 18.0609
3.93756 4.84303 0.665968 -0.00651331 18.1605
4.00045 4.86756 0.6616 -0.0503463 18.261
4.0614 4.89167 0.642191 0.0778887 18.3614
4.11891 4.91623 0.624478 0.246303 18.4615
4.17304 4.94143 0.629335 0.1 18.5797
4.2283 4.96637 0.594757 -0.023468 18.6803
4.28213 4.99055 0.576195 -0.0695656 18.7811
4.3354 5.01404 0.564587 -0.0732181 18.8825
4.40649 5.04448 0.552952 -0.112563 19.0102
4.47633 5.0731 0.537169 -0.0864241 19.1637
4.5797 5.11756 0.53975 -0.123569 19.3455
4.63293 5.14008 0.601237 -0.11543 19.4728
4.70846 5.16633 0.627162 -0.125709 19.6001
4.76468 5.18508 0.598808 -0.0959283 19.7097
4.83962 5.20908 0.568607 -0.120257 19.8369
4.91545 5.23224 0.587023 -0.147364 19.9654
4.98764 5.2535 0.518826 0.692564 20.097
5.03876 5.27246 0.529783 0.618591 20.2234
5.10425 5.30246 0.530736 0.624895 20.3342
5.15045 5.32781 0.514029 0.619257 20.462
5.20776 5.36502 0.495839 0.596657 20.5817
5.23482 5.38513 0.495788 0.623404 20.672
5.27326 5.4169 0.49003 0.551821 20.7632
5.30894 5.44999 0.472249 0.495129 20.8728
5.34236 5.48439 0.470983 0.445459 20.9648
5.37351 5.51952 0.465482 0.149752 21.0586
5.40444 5.55592 0.468619 0.0728589 21.1698
5.43483 5.59235 0.463582 -0.0634651 21.2809
5.47527 5.64049 0.461861 -0.160777 21.3931
5.50583 5.67555 0.45587 -0.299639 21.5043
