6.15661e-05 -1.00729e-06 4.04284e-06 -6.34581e-08 0.0694795
6.15813e-05 -1.00731e-06 2.96226e-06 -6.46101e-08 0.102912
0.00121629 -1.00958e-06 0.0334271 2.03657e-05 0.136014
0.00352635 -1.0119e-06 0.0676116 -1.56226e-05 0.411564
0.0636041 -9.472e-07 0.339541 -1.10718e-05 0.755846
0.138563 4.56584e-06 0.50521 0.0607684 0.926504
0.211356 0.00197747 0.540763 0.432069 1.06161
0.284583 0.00899247 0.540804 0.489589 1.20492
0.739939 0.0734603 0.677568 -0.593269 1.91908
0.785935 0.0716296 0.677229 -0.618436 1.98641
1.16476 -0.0206233 0.880558 -0.624092 2.5353
1.2224 -0.0469282 0.94897 -0.621161 2.59866
1.34208 -0.111163 1.00169 -0.677833 2.72539
1.98314 -0.543259 0.996005 0.720787 3.53097
2.7001 -0.630053 0.687235 0.697814 4.36563
2.72293 -0.625015 0.687236 0.699065 4.38414
3.18219 -0.381909 0.777574 0.69342 5.11633
3.47218 0.0566252 0.281153 0.0893113 5.99957
3.47431 0.0651543 0.258933 -0.107329 6.02655
3.49475 0.126076 0.203041 -0.680936 6.34699
3.53507 0.197156 0.445493 -0.646909 6.59056
3.5654 0.239828 0.547297 -0.642257 6.6788
3.62045 0.305832 0.68304 -0.642048 6.82374
3.71557 0.399322 0.852519 -0.641068 6.99252
3.81385 0.478906 0.981326 -0.292748 7.13484
3.94781 0.577933 1.01829 -0.0589407 7.3045
4.05423 0.655169 0.999697 0.0451498 7.44158
4.42117 0.987561 0.9508 0.927792 8.06099
4.52106 1.19981 0.874058 1.35755 8.3974
4.55144 1.29346 0.371917 1.45599 8.63199
4.58745 1.31053 0.0199308 1.46511 8.78466
4.60676 1.30741 -0.00642133 1.42221 8.92762
4.48097 1.4296 0.559634 0.475348 9.51466
4.37452 1.48726 0.931095 0.322389 9.67084
4.2338 1.55601 0.920076 0.247032 9.83211
3.70202 1.74036 0.68796 0.2095 10.5887
3.54226 1.77324 0.682139 0.204541 10.8177
3.36705 1.79901 0.627337 0.197792 11.0692
3.28568 1.80729 0.558694 0.197555 11.2218
3.22238 1.81259 -0.286243 -0.351313 11.9849
3.45653 1.70757 -0.318204 -0.335955 12.7849
3.57337 1.60539 0.0188948 -0.314298 13.4104
3.56708 1.60089 0.195523 0.215399 14.0005
3.4638 1.67863 0.530274 0.191218 14.3571
3.16098 1.89785 0.0073854 0.152597 15.0097
2.98362 2.02013 0.529302 0.237111 15.9227
2.66355 2.14752 0.42945 0.21557 16.6531
2.37719 2.21396 0.566698 0.222698 17.3322
1.98062 2.24529 0.398778 0.22591 18.1355
1.69411 2.22483 0.227333 -0.853431 19.0299
1.50275 2.27379 0.258806 -0.783445 19.851
1.41886 2.33809 -0.12198 -0.648581 20.5498
1.47783 2.22596 -0.03958 -0.546525 21.2714
1.48067 2.20567 0.204808 1.01299 21.8952
1.45753 2.30001 0.47762 1.00443 22.1457
1.45107 2.31616 0.511622 1.00342 22.1906
1.44358 2.33313 0.545618 1.00232 22.2
1.435 2.35087 0.579611 1.00118 22.2091
1.41435 2.38844 0.647542 0.999272 22.3347
1.40217 2.40815 0.681515 0.998057 22.344
1.38868 2.42839 0.715489 0.996819 22.3533
1.34072 2.49059 0.78095 0.991373 22.4787
1.32236 2.51134 0.814901 0.990353 22.488
1.30251 2.53229 0.848768 0.990336 22.4972
1.2599 2.57293 0.866213 0.984139 22.6255
0.61559 3.02537 0.977731 -1.00948 23.4858
0.407807 3.69625 0.764294 -0.689003 24.2839
0.409223 3.72219 0.763973 -0.682364 24.3116
0.411231 3.74807 0.763405 -0.6799 24.321
0.420711 3.82525 0.761753 -0.661684 24.475
0.454807 3.97745 0.79392 -0.618164 24.6825
0.78292 4.54005 0.987789 -0.738644 25.3468
1.23297 4.8578 0.913249 -0.730561 25.9338
1.52935 4.94675 0.927624 -0.709897 26.2694
1.66032 4.96263 1.03046 -0.72136 26.3971
1.90042 4.97268 0.975441 -0.751785 26.6684
1.95777 4.97005 0.973171 -0.73849 26.7581
2.06991 4.9559 0.96912 -0.703496 26.8931
2.17671 4.93154 0.962469 -0.654446 27.037
2.51065 4.72074 0.649727 -0.816174 27.6222
2.84155 4.4496 0.738287 0.721094 28.2296
3.20828 4.33841 0.630543 0.698269 28.7647
3.33673 4.33467 0.630333 0.698363 28.9632
3.42207 4.34229 0.630193 0.698704 29.0997
3.5117 4.3591 0.675147 0.717265 29.2356
3.55606 4.37085 0.675521 0.698273 29.3079
3.59987 4.38472 0.675602 0.691654 29.38
3.6643 4.40936 0.67686 0.691763 29.47
3.82459 4.49592 0.661121 0.523888 29.7399
3.966 4.60412 0.657064 0.545921 30.0201
3.99489 4.63387 0.573699 0.317217 30.1289
4.01413 4.65695 0.540986 0.160492 30.202
4.03474 4.68208 0.634323 0.00576129 30.2747
4.09482 4.7513 0.625212 -0.343838 30.4357
4.10706 4.76331 -0.0407833 -0.334151 30.5982
4.10295 4.75298 -0.0394189 -0.332678 30.844
4.09891 4.7381 -0.0281196 -0.333029 31.1764
4.09848 4.73349 -0.0238651 -0.333683 31.2955
4.09842 4.72878 -0.0196224 -0.334674 31.3883
4.09855 4.72557 -0.0169371 -0.335635 31.4633
4.09895 4.72067 -0.013342 -0.337045 31.5571
4.09985 4.71233 -0.00954832 -0.340279 31.7264
4.10041 4.70716 -0.00793194 -0.340844 31.8403
4.11338 4.69352 0.0360499 -0.322822 31.9824
4.14486 4.69468 0.556485 -0.239046 32.1649
4.24811 4.70164 0.634956 -0.248332 32.3284
4.33986 4.70649 0.672479 -0.257883 32.464
4.4312 4.70849 0.677707 -0.260378 32.6089
4.52127 4.70811 0.628949 -0.263135 32.7531
4.59724 4.7056 0.166964 -0.271296 32.8969
4.60317 4.69852 0.0151751 -0.296226 33.0469
4.61267 4.68509 -0.0247541 -0.293612 33.199
4.59928 4.67041 -0.0112986 -0.290527 33.8511
4.76047 4.58828 0.521378 0.968154 34.4944
4.97865 4.54929 0.0449772 1.15194 35.1351
4.98888 4.55319 0.0652776 1.06219 35.2636
4.99021 4.55536 0.0715845 1.04843 35.2931
4.99122 4.57045 0.0743094 1.01927 35.4238
4.99039 4.57909 0.0752928 1.01674 35.5005
4.9898 4.58339 0.0757171 1.0165 35.5486
4.99501 4.59774 0.52723 0.948122 35.5968
5.03854 4.65687 0.555983 0.742141 35.7393
5.06846 4.70368 0.542624 0.715983 35.8631
5.1126 4.7898 0.572347 0.694615 36.028
5.1408 4.86282 0.581224 0.704781 36.1467
5.1519 4.89787 0.532232 -0.430718 36.2214
5.16367 4.93338 0.550769 -0.302623 36.2856
5.18258 4.98585 0.538617 -0.300667 36.3768
5.20931 5.05277 0.512002 -0.299044 36.5401
5.25067 5.14357 0.482548 -0.294446 36.7287
5.27287 5.1873 0.480494 -0.290777 36.8194
5.28842 5.21621 0.516423 -0.381956 36.892
5.30552 5.2458 0.502898 -0.695612 36.9829
5.32401 5.27469 0.50826 -0.562208 37.0507
5.35369 5.31644 0.495165 -0.553665 37.1472
5.38465 5.35505 0.480337 -0.546314 37.2433
5.41708 5.391 0.478564 -0.539297 37.3396
5.4508 5.42434 0.462084 -0.532443 37.4364
5.48593 5.45534 0.449725 -0.525054 37.5318
5.50969 5.47454 0.457401 -0.339975 37.6077
5.53453 5.49361 0.460272 -0.190515 37.6812
5.5719 5.52156 0.45676 -0.149003 37.7819
5.59718 5.53989 0.459406 -0.14808 37.863
5.75281 5.64662 0.434034 0.441763 38.2535
5.76481 5.65521 0.433955 0.357464 38.3105
