6.07692e-05 -1.00595e-06 3.39946e-06 -5.76315e-08 2.87446
6.07658e-05 -1.00584e-06 1.69214e-06 -8.31854e-08 2.90839
0.00121531 -1.00867e-06 0.0334982 2.39507e-05 2.9424
0.00352557 -1.01199e-06 0.0676004 -1.71378e-05 3.09795
0.00699112 -1.0165e-06 0.101625 -2.09199e-05 3.2771
0.0173886 -1.02014e-06 0.16961 -6.26072e-06 3.41398
0.0763126 -9.33205e-07 0.373526 -8.71925e-06 3.61083
0.17096 0.00108478 0.486019 1.34372 3.82256
0.218903 0.00766242 0.474546 1.24355 3.90518
0.266172 0.0202733 0.489436 0.323754 4.01258
0.628562 0.101705 0.352505 -1.1892 4.88216
0.776282 0.0282977 0.346957 -1.36005 5.35519
0.839889 -0.0702865 0.349386 -1.35237 5.66835
0.856426 -0.145056 0.51964 -1.35872 5.86315
0.785038 -0.694616 0.711096 1.44201 6.7193
1.20331 -1.05961 0.58108 1.37755 7.67312
1.48848 -0.949703 0.307951 1.39468 8.26634
1.52021 -0.876417 0.257382 0.755535 8.85411
1.52129 -0.866561 0.291633 0.763143 8.873
1.52221 -0.85553 0.325241 0.780309 8.89644
1.34977 -0.483162 0.470901 1.31808 9.82411
0.925832 -0.490049 0.853728 1.19403 10.5906
0.770066 -0.582282 0.953362 0.0945499 10.7922
0.237936 -0.798963 0.427108 -1.28641 11.6255
-0.0676055 -0.527327 0.425509 -1.39551 12.6702
-0.0644992 -0.440812 0.425861 -1.39497 12.8849
0.0301747 -0.261699 0.622761 -1.40525 13.2916
0.125041 -0.18325 0.793119 -1.38123 13.4545
0.17363 -0.154751 0.8253 -1.40878 13.5054
0.454591 -0.0877489 0.746736 -0.499345 13.901
0.675432 -0.0851185 0.728712 0.0725132 14.2048
0.834624 -0.080535 0.79902 0.136879 14.4062
1.31943 0.0581234 0.841327 1.39425 15.0654
1.53409 0.420471 0.856501 1.40926 15.5754
1.51521 0.704531 0.861964 1.50149 15.8861
1.5053 0.732261 0.886482 1.51018 15.8963
1.49354 0.760491 0.920675 1.51802 15.9055
1.47984 0.789101 0.954414 1.52201 15.9155
1.46412 0.817976 0.988213 1.52178 15.9258
1.44658 0.846565 1.008 1.52245 15.935
1.42759 0.87421 1.00781 1.52147 15.949
0.909987 1.37282 1.00147 -1.46133 16.8696
0.927301 2.00891 0.842101 -1.37954 17.556
1.01553 2.12043 0.835217 -1.46712 17.7438
1.05792 2.1582 0.84036 -1.48176 17.8196
1.17585 2.23152 0.773401 -1.37858 17.992
1.28526 2.26824 0.661586 -0.896205 18.132
1.5031 2.28964 0.635332 -0.537642 18.5061
1.85432 2.21235 0.692238 -0.363045 19.2717
2.55501 2.18815 1.0054 0.983088 20.0923
3.04473 2.9096 0.997892 1.447 21.0457
2.58493 3.55234 0.945785 0.596979 21.9101
1.95598 3.83582 0.711239 -1.36044 22.698
1.74553 4.29418 0.475787 -1.40804 23.6145
1.76857 4.35443 0.471358 -1.36493 23.7741
1.80255 4.40937 0.473191 -1.37684 23.8964
1.83436 4.44582 0.4735 -1.38562 24.0206
2.01623 4.54733 0.629402 -1.07829 24.3777
2.34067 4.57088 0.657931 -0.379085 24.8997
2.72046 4.50814 0.684831 0.38934 25.459
3.01709 4.48987 0.615242 0.875347 25.9042
3.07945 4.49488 0.610691 0.766317 26.0287
3.18203 4.51404 0.615872 0.730692 26.1862
3.33398 4.57033 0.5767 0.821279 26.4429
3.38546 4.59914 0.585716 0.617997 26.5445
3.49727 4.67972 0.580397 0.626316 26.8033
3.5405 4.7183 0.5738 0.403912 26.9089
3.56808 4.74455 0.569259 -0.0910641 26.9858
3.60969 4.78437 0.563915 0.0515929 27.0685
3.67846 4.85077 0.559277 -0.0974272 27.2384
3.70579 4.87645 0.55021 -0.475781 27.313
3.73364 4.90121 0.545946 -0.408931 27.3975
3.77656 4.9366 0.544207 -0.457442 27.4711
3.80606 4.95902 0.544036 -0.474192 27.5565
3.83619 4.98043 0.542214 -0.484256 27.63
3.88221 5.01037 0.536487 -0.484353 27.7099
3.92935 5.0379 0.535137 -0.461429 27.8094
3.96134 5.05501 0.533469 -0.378226 27.9005
4.00961 5.07894 0.528612 -0.318244 28.0003
4.05836 5.10121 0.524654 -0.272723 28.1027
4.10834 5.12232 0.545513 -0.29076 28.198
4.15702 5.14145 0.515836 -0.141968 28.2978
4.20622 5.15995 0.514166 -0.0454893 28.3978
4.2389 5.17206 0.510704 0.00128097 28.4589
4.27145 5.1841 0.51029 -0.0185218 28.5399
4.31988 5.20211 0.506275 0.0375579 28.6377
4.33588 5.20812 0.503247 0.0763588 28.684
4.36785 5.2203 0.503057 0.0862497 28.7581
4.46218 5.25849 0.497703 0.231464 28.9622
4.50828 5.27909 0.492656 0.229315 29.0563
4.55358 5.30068 0.491586 0.240351 29.161
4.5983 5.32336 0.491521 0.241875 29.2611
4.64235 5.34705 0.490321 0.227486 29.3541
4.68664 5.3719 0.492898 -0.127929 29.4542
4.75745 5.41247 0.477383 0.172748 29.6339
4.79923 5.43722 0.474369 0.0631085 29.7304
4.8681 5.47843 0.471298 -0.00141391 29.9052
4.89558 5.49487 0.471176 -0.0104878 29.9756
4.92288 5.51117 0.467899 -0.0273013 30.041
4.95007 5.52733 0.462828 -0.0793675 30.1111
4.97717 5.54328 0.4627 -0.0614171 30.1799
5.00435 5.5591 0.46248 -0.081418 30.2501
5.03146 5.57467 0.459641 -0.0982512 30.3201
5.05837 5.58988 0.454542 -0.115222 30.3903
5.08527 5.60482 0.452963 -0.117775 30.4565
5.12563 5.6267 0.448719 -0.11971 30.5329
5.15254 5.64095 0.447246 -0.115377 30.6048
5.17946 5.65492 0.445326 -0.113394 30.6687
5.20637 5.66863 0.443137 -0.104765 30.7389
5.23326 5.68209 0.441333 -0.100895 30.8128
5.26019 5.69534 0.441333 -0.100518 30.8829
5.2871 5.70835 0.439626 -0.0851453 30.956
5.3139 5.72113 0.436879 -0.0694197 31.0234
5.34064 5.73372 0.435 -0.0692299 31.1002
5.36733 5.74614 0.432873 -0.0536825 31.1683
5.39395 5.75842 0.43127 -0.0454094 31.2461
5.4205 5.77055 0.429482 -0.0402437 31.2875
5.43373 5.77657 0.427462 -0.0315114 31.3314
5.44696 5.78257 0.427655 -0.0281105 31.3688
5.46015 5.78854 0.425599 -0.023292 31.408
5.47334 5.79449 0.425839 -0.0207962 31.446
5.49962 5.80633 0.424143 -0.0149152 31.4907
5.51272 5.81221 0.422115 -0.00950162 31.5296
5.52581 5.81809 0.422345 -0.00746999 31.573
5.53885 5.82394 0.420612 -0.00416729 31.6162
5.56487 5.8356 0.418311 -0.0143062 31.6608
5.5907 5.84716 0.415678 0.00402653 31.7314
5.60357 5.85292 0.415019 -0.00833791 31.7686
5.61642 5.85867 0.413888 -0.014641 31.805
