6.04806e-05 -1.00552e-06 3.16894e-06 -7.33051e-08 0.0682576
6.04772e-05 -1.00548e-06 2.5325e-06 -7.48295e-08 0.102502
0.00121502 -1.00845e-06 0.0335089 2.522e-05 0.136906
0.0763126 -9.40688e-07 0.373527 -8.80421e-06 0.784358
0.482746 0.00421506 0.630261 0.183523 1.47237
0.504068 0.00535116 0.630356 0.197484 1.49121
0.525382 0.00662941 0.63047 0.182326 1.51005
0.54669 0.00804125 0.630526 0.17832 1.52853
0.56799 0.00958385 0.63052 0.187777 1.54698
0.589279 0.0112627 0.630491 0.187597 1.5657
0.610559 0.0130781 0.630427 0.182452 1.58417
0.631827 0.0150273 0.630297 0.184059 1.60264
0.653084 0.0171114 0.630105 0.186741 1.62119
0.674328 0.0193311 0.629865 0.185355 1.63978
0.695559 0.0216853 0.629568 0.184487 1.65843
0.716401 0.0241117 0.618316 0.0533701 1.67663
0.737245 0.0265757 0.618282 0.0157032 1.69519
0.758085 0.0290693 0.617719 0.0986471 1.71342
0.778915 0.0316331 0.617388 0.0940647 1.73181
0.79974 0.0342461 0.617227 0.0521459 1.75037
0.820562 0.0369018 0.617024 0.069499 1.76845
0.841375 0.0396088 0.616996 0.0858271 1.78669
0.86218 0.0423745 0.61702 0.0722216 1.80469
0.882979 0.0451918 0.617038 0.066555 1.82335
0.903772 0.0480572 0.617034 0.0754005 1.84163
0.924558 0.0509752 0.617039 0.0763806 1.87401
0.945337 0.0539468 0.617055 0.0713283 1.90848
0.966108 0.0569691 0.617063 0.0720199 1.94255
0.986873 0.0600423 0.617067 0.0746027 1.97683
1.00763 0.0631679 0.617076 0.0735942 2.01081
1.02838 0.0663452 0.617086 0.0724607 2.04494
1.04912 0.0695738 0.617094 0.0733215 2.07889
1.06985 0.0728539 0.617101 0.0737307 2.11298
1.09058 0.0761859 0.617388 0.0726385 2.14699
1.1113 0.0795686 0.617351 0.0729589 2.18099
1.132 0.0830024 0.617314 0.073562 2.21496
1.1527 0.0864877 0.61728 0.0732224 2.24917
1.17339 0.0900242 0.617245 0.0729267 2.28315
1.19406 0.0936119 0.617209 0.0731359 2.31704
1.21473 0.0972507 0.617173 0.0732182 2.35118
1.23539 0.100941 0.617138 0.073076 2.38538
1.25603 0.104682 0.617103 0.073052 2.41937
1.27667 0.108474 0.617067 0.0730916 2.45359
1.29729 0.112318 0.617032 0.0730395 2.48771
1.3179 0.116212 0.616996 0.0730013 2.52185
1.33851 0.120157 0.616961 0.0730353 2.55588
1.3591 0.124154 0.616926 0.0730322 2.59001
1.37968 0.128202 0.61689 0.0729682 2.62383
1.40025 0.1323 0.616855 0.0729347 2.65795
1.42081 0.136449 0.616819 0.0729544 2.69183
1.44135 0.14065 0.616784 0.0729651 2.72615
1.46189 0.144901 0.616748 0.0729366 2.76006
1.48241 0.149203 0.616268 0.0741129 2.79394
1.50292 0.153557 0.616356 0.0743318 2.82781
1.52342 0.157963 0.616368 0.0723253 2.86201
1.54391 0.162419 0.61637 0.0727726 2.896
1.56439 0.166926 0.616366 0.0738033 2.93029
1.58486 0.171485 0.616358 0.0732835 2.96428
1.60532 0.176095 0.616367 0.0727789 2.9985
1.62577 0.180756 0.616398 0.0728835 3.03266
1.6462 0.185467 0.616426 0.0730824 3.06683
1.66663 0.190229 0.61645 0.0730065 3.10049
1.68704 0.195043 0.616471 0.0729204 3.13454
1.70744 0.199907 0.616491 0.0729852 3.16871
1.72783 0.204821 0.616508 0.0730387 3.20254
1.74821 0.209787 0.616525 0.0730226 3.23666
1.76857 0.214803 0.61654 0.0730144 3.27083
1.78893 0.21987 0.616554 0.0730216 3.3049
1.80927 0.224988 0.616568 0.0730215 3.33896
1.8296 0.230156 0.61658 0.0729951 3.37288
1.84991 0.235374 0.61672 0.0730738 3.40702
1.87022 0.240642 0.616855 0.0739555 3.44121
1.89051 0.245962 0.616975 0.073856 3.47558
1.91078 0.251334 0.617094 0.0728946 3.50975
1.93105 0.25676 0.617184 0.0711398 3.54352
1.9513 0.262233 0.617205 0.0715104 3.57763
1.97154 0.267753 0.617196 0.0745592 3.61163
1.99177 0.273323 0.617192 0.0751169 3.64569
2.01198 0.278947 0.617186 0.0727136 3.67972
2.03218 0.284623 0.617148 0.0715235 3.71404
2.05237 0.290348 0.617065 0.072603 3.74803
2.07254 0.296121 0.616956 0.0737985 3.78203
2.0927 0.301946 0.616902 0.0732806 3.81606
2.11285 0.307821 0.616881 0.0724927 3.85005
2.13298 0.313745 0.616882 0.073205 3.88401
2.15309 0.31972 0.616885 0.0734726 3.91779
2.1732 0.325744 0.61689 0.0730132 3.95189
2.19328 0.331819 0.616895 0.0729683 3.986
2.21336 0.337944 0.616901 0.0732267 4.01994
2.23341 0.344118 0.616908 0.0731945 4.054
2.25345 0.350342 0.616915 0.0730685 4.08819
2.27348 0.356617 0.616923 0.0731162 4.12209
2.29349 0.362941 0.616931 0.0731669 4.15604
2.31349 0.369314 0.616939 0.0731269 4.19014
2.33347 0.375738 0.616947 0.0731158 4.22417
2.35343 0.38221 0.616955 0.0731468 4.25854
2.37338 0.388733 0.616963 0.0731447 4.29262
2.39332 0.395305 0.61697 0.073124 4.32678
2.41323 0.401927 0.616978 0.073131 4.36078
2.43314 0.408598 0.616986 0.0731466 4.3947
2.45302 0.415319 0.617378 0.0731276 4.42872
2.47289 0.422088 0.617316 0.0730634 4.4628
2.49274 0.428907 0.61728 0.073127 4.49694
2.51257 0.435774 0.617244 0.0731384 4.53075
2.53238 0.44269 0.617209 0.0730864 4.56466
2.55218 0.449655 0.617174 0.0730778 4.93121
2.83808 0.556451 0.752347 0.0726859 5.39912
3.33242 0.794269 1.00872 0.633983 5.97972
3.38761 0.832857 1.00941 0.671595 6.04399
3.44086 0.873837 1.01006 0.689199 6.11756
3.61064 1.03613 1.01164 0.76565 6.3612
3.74912 1.226 0.997095 0.67601 6.6044
3.94568 1.74465 0.943401 0.398996 7.15798
3.96399 1.8393 0.945767 0.369926 7.27531
3.97866 1.93464 0.94566 0.373961 7.38337
4.00554 2.22665 0.99935 -0.843964 7.6793
4.02739 2.3601 0.992152 -0.77161 7.82562
4.05277 2.45805 0.992294 -0.816519 7.91906
4.08583 2.55367 0.992148 -0.793765 8.01431
4.11066 2.61265 0.924103 -0.759614 8.10609
4.14965 2.69049 0.821115 -0.834443 8.19812
4.19082 2.75798 0.78813 -0.765341 8.29008
4.2385 2.82439 0.798032 -0.481723 8.38159
4.27143 2.86616 0.778716 -0.324718 8.47387
4.32196 2.92674 0.768637 -0.193294 8.56439
4.37318 2.98579 0.762553 -0.0381356 8.77015
4.47369 3.10137 0.739488 0.238184 8.95843
4.50564 3.13985 0.731999 0.257244 9.03083
4.55183 3.19802 0.722696 0.316795 9.12111
4.58135 3.23726 0.722023 0.322486 9.21085
4.62396 3.29734 0.721923 0.336647 9.30123
4.66367 3.3576 0.696678 0.336403 9.39197
4.68851 3.39786 0.695475 0.372946 9.48217
4.72352 3.45864 0.687659 0.318203 9.57269
4.75615 3.51974 0.677213 0.262085 9.66315
4.7769 3.56081 0.677516 0.246062 9.75362
4.8064 3.62234 0.662065 0.189877 9.8439
4.83428 3.6836 0.657874 0.107236 9.93565
4.85238 3.72451 0.657764 0.114179 10.027
4.91324 3.8656 0.638792 -0.0275662 10.2456
4.93051 3.90558 0.641838 0.00650641 10.3193
4.93905 3.92529 0.632135 -0.0614553 10.3656
4.9561 3.96421 0.625186 -0.0978446 10.4121
4.97341 4.00301 0.625165 -0.0956236 10.4848
5.01765 4.09931 0.621421 -0.115395 10.6502
5.07989 4.22756 0.593444 -0.111457 10.8937
5.14452 4.3524 0.588983 -0.101381 11.1358
5.21129 4.47437 0.578068 -0.0820762 11.3787
5.24031 4.52569 0.577908 -0.0753203 11.4685
5.25936 4.55894 0.564021 -0.0142981 11.56
5.27847 4.59215 0.564285 -0.0451343 11.6236
5.29767 4.62532 0.564369 -0.0322129 11.6882
5.3167 4.65802 0.550063 0.0134089 11.7534
5.33548 4.69031 0.550039 -0.00378547 11.8184
5.35389 4.72209 0.540696 0.105039 11.8826
5.36296 4.73791 0.536697 -0.0335232 11.9284
5.38109 4.76937 0.532427 0.0289648 11.9937
5.39907 4.80058 0.528165 -0.0157477 12.0577
5.41691 4.83155 0.523454 0.0270928 12.1215
5.43457 4.86229 0.519479 0.00884439 12.1872
5.45207 4.89282 0.515524 0.0206694 12.2561
5.46931 4.92299 0.511047 0.0159567 12.3198
5.48646 4.95307 0.510227 0.0146108 12.3829
5.49496 4.96801 0.505261 0.0233582 12.4281
5.50344 4.98295 0.506051 0.0269132 12.4731
5.52025 5.01263 0.502482 0.0193866 12.5361
5.53689 5.04212 0.498486 0.0253081 12.5991
5.55337 5.07141 0.494773 0.0230492 12.663
5.56153 5.08597 0.491203 0.0244566 12.71
5.57775 5.11499 0.487512 0.0213962 12.7566
5.58576 5.12935 0.484019 0.0195564 12.8038
5.59373 5.14366 0.482242 0.0204523 12.8503
5.60959 5.17224 0.479461 0.031709 12.8966
5.61749 5.1865 0.479456 0.0345804 12.9426
5.62531 5.20067 0.475987 0.0277495 12.9891
5.64085 5.22893 0.472481 0.0307982 13.0357
5.64851 5.24291 0.46887 0.0305314 13.0816
5.65616 5.25689 0.468837 0.0293077 13.1269
5.6713 5.28469 0.463672 0.0281925 13.1718
5.67879 5.29849 0.462857 0.028008 13.2174
5.68628 5.31231 0.462693 0.0285186 13.2629
5.70109 5.33975 0.457481 0.0321602 13.3087
5.70842 5.35338 0.455789 0.0268122 13.3555
5.71573 5.36703 0.455704 0.0270086 13.4023
5.73023 5.39413 0.450824 0.0241188 13.4393
5.75875 5.44784 0.444283 0.0204301 13.6017
5.77978 5.48768 0.441051 0.0241553 13.6937
5.7867 5.50084 0.437977 0.0202319 13.7305
5.79359 5.51396 0.435721 0.0169373 13.7672
5.80731 5.54017 0.434116 0.0196613 13.823
5.81415 5.55325 0.434653 0.0178281 13.8783
5.82779 5.57943 0.434499 0.0189745 13.915
5.83455 5.59243 0.431061 0.0263012 13.9517
5.8413 5.60543 0.431003 0.0281156 13.9893
5.84803 5.61843 0.430969 0.0236611 14.0275
