6.07591e-05 -1.00595e-06 3.6946e-06 -7.07919e-08 0.153425
6.07448e-05 -1.00597e-06 1.20054e-06 -7.68289e-08 0.18736
0.0012153 -1.00855e-06 0.0334719 2.23961e-05 0.220905
0.105198 -8.24155e-07 0.441498 -1.13764e-05 0.953554
0.219586 -1.53448e-08 0.645414 -1.14769e-05 1.14799
0.368636 1.84295e-06 0.715136 2.0462e-05 1.35699
0.454154 3.14397e-06 0.580297 6.44473e-07 1.50148
0.540931 0.00103682 0.497017 0.344125 1.65626
0.611156 0.00495154 0.532372 -0.14509 1.81024
0.726996 0.00931131 0.580406 -0.30353 2.01962
1.09892 -0.0382179 0.837636 -0.551126 2.52988
1.20742 -0.0723244 0.837091 -0.575481 2.66502
1.339 -0.12651 0.838102 -0.536096 2.80954
1.49679 -0.210394 0.907568 -0.257011 3.02923
2.04327 -0.436246 0.733402 0.681225 3.72292
2.33784 -0.441551 0.665201 0.692825 4.12475
2.5996 -0.365343 0.702706 0.698948 4.57412
2.6222 -0.354519 0.736691 0.69819 4.59297
2.64556 -0.342636 0.770674 0.69947 4.61209
2.66865 -0.330197 0.770899 0.698076 4.63084
2.69143 -0.317214 0.770764 0.698121 4.64961
2.7139 -0.303693 0.770957 0.699673 4.66844
2.73604 -0.289642 0.770944 0.697724 4.68711
2.75784 -0.275069 0.770951 0.697292 4.70546
2.7793 -0.259985 0.770956 0.697902 4.72413
2.80039 -0.244395 0.770962 0.698097 4.74286
2.90814 -0.151882 0.890347 0.698609 5.04533
2.99125 -0.0638019 0.89037 0.698062 5.16382
3.02958 -0.0169044 0.890374 0.697816 5.25616
3.20733 0.283506 0.987165 0.0540241 5.62842
3.42452 0.73062 0.945947 0.0635384 6.14129
3.6209 1.16285 0.897522 -0.127642 6.63199
3.66025 1.24551 0.897447 -0.141921 6.73589
3.78511 1.48618 0.829686 -0.167378 7.04644
3.99639 1.84905 0.760897 -0.0441147 7.58261
4.16171 2.11608 0.82885 -0.0505624 7.98388
4.31054 2.35169 0.919011 0.030925 8.31573
4.35817 2.42843 0.851242 0.0429631 8.41469
4.47258 2.6188 0.786862 0.0862967 8.678
4.49852 2.66358 0.760951 0.138925 8.75688
4.53416 2.72665 0.701764 0.129891 8.85608
4.5572 2.76843 0.701648 0.119562 8.93526
4.59111 2.83147 0.701689 0.122758 9.00856
4.65872 2.96275 0.523252 0.106026 9.24561
4.70258 3.05347 0.251477 0.103127 9.53904
4.71396 3.07848 0.0134182 0.103237 9.77633
4.71178 3.07336 -0.0886069 0.10324 9.8749
4.71106 3.07165 -0.0546679 0.103218 9.92399
4.71096 3.07141 0.0132072 0.103133 9.98207
4.7126 3.07545 0.0810822 0.103083 10.0604
4.71405 3.07908 0.11502 0.103047 10.0906
4.72084 3.09646 0.216832 0.102975 10.1699
4.72733 3.11347 0.28516 0.104391 10.2506
4.73984 3.1472 0.386782 0.1042 10.3337
4.74995 3.1752 0.454476 0.102651 10.4326
4.77411 3.24436 0.588838 0.0475053 10.5504
4.82156 3.37755 0.59965 -0.0464862 10.791
4.88539 3.54634 0.605872 -0.176135 11.0894
4.94037 3.67402 0.596893 -0.229704 11.3545
4.97466 3.74609 0.612988 -0.0603824 11.4657
5.00084 3.79888 0.585596 -0.158997 11.5733
5.02786 3.85127 0.571392 -0.160923 11.6704
5.05493 3.90211 0.559313 -0.114226 11.7669
5.06407 3.919 0.559245 -0.108766 11.8174
5.08208 3.95208 0.548183 0.0469846 11.8865
5.09999 3.98501 0.540736 0.0233498 11.956
5.11771 4.01779 0.542904 0.0246423 12.0266
5.13518 4.05037 0.543437 0.0789177 12.0966
5.15244 4.08289 0.53951 0.0734658 12.1664
5.19429 4.16396 0.531361 0.119374 12.3161
5.24928 4.27662 0.523283 0.107041 12.5804
5.30092 4.38959 0.520839 0.102833 12.8155
5.32216 4.43827 0.520734 0.102305 12.8946
5.35618 4.5188 0.514134 0.0697635 13.0731
5.39614 4.616 0.502414 -0.0452025 13.2808
5.40929 4.64754 0.502342 -0.09229 13.3503
5.42935 4.69455 0.498937 -0.14281 13.4495
5.46379 4.77204 0.499312 -0.103148 13.6274
5.51333 4.87645 0.481009 -0.105538 13.863
5.53532 4.92036 0.480294 -0.11322 13.9613
5.55761 4.96366 0.478903 -0.103641 14.0596
5.59572 5.03517 0.471781 -0.0727939 14.2359
5.61918 5.07799 0.498214 -0.0224144 14.3345
5.63438 5.10558 0.459244 -0.00830827 14.403
5.64942 5.13292 0.450945 0.0413632 14.4724
5.6644 5.16027 0.453104 0.00578659 14.5428
5.67931 5.1875 0.453875 0.058494 14.6202
5.69407 5.21467 0.457473 0.0349868 14.6748
5.70132 5.22812 0.450859 0.0835532 14.7253
5.71564 5.25498 0.443871 0.100666 14.7814
5.72968 5.28173 0.440613 0.121939 14.8475
5.74342 5.30843 0.440609 0.119651 14.9112
5.75688 5.33513 0.438544 0.125208 14.9752
5.77005 5.36181 0.436521 0.12623 15.0402
5.78293 5.38847 0.434441 0.125313 15.1048
5.84324 5.52129 0.424744 0.0873216 15.4747
5.86021 5.56092 0.422564 0.081786 15.5687
5.8658 5.57416 0.422528 0.0819701 15.6064
5.87134 5.58741 0.422498 0.078997 15.6444
5.88233 5.61395 0.422424 0.0811211 15.6817
