6.03695e-05 -1.00525e-06 4.34981e-07 -9.10799e-08 0.0118313
6.0351e-05 -1.00532e-06 3.8462e-06 -6.88496e-08 0.275937
6.03907e-05 -1.00534e-06 4.2925e-06 -5.07045e-08 0.542839
0.0416506 -1.01444e-06 0.27157 -7.8732e-06 0.864427
0.13815 -2.07262e-05 0.493571 -0.244068 1.11852
0.250043 -0.00767548 0.580027 -0.711271 1.32422
0.385591 -0.036447 0.593869 0.290995 1.56589
0.833216 -0.144935 0.798809 -0.124432 2.23327
1.46607 -0.336477 0.998928 0.402932 2.97651
2.19717 -0.381747 0.892523 0.702846 3.79037
2.22692 -0.375737 0.892591 0.700385 3.81774
2.25652 -0.369019 0.892627 0.699303 3.82702
2.28596 -0.361597 0.892653 0.69842 3.83613
2.31522 -0.353478 0.892681 0.697628 3.84521
2.34427 -0.344665 0.8927 0.697242 3.85422
2.37312 -0.335166 0.892715 0.696778 3.86317
2.40172 -0.324988 0.890765 0.701034 3.87251
2.43005 -0.314137 0.890401 0.710361 3.88176
2.4581 -0.302608 0.892484 0.715987 3.89129
2.48585 -0.290403 0.892476 0.71662 3.90114
2.82101 -0.0743339 0.998697 0.684617 4.52281
3.27116 0.515413 0.999553 0.0761388 5.27634
3.3952 0.718514 0.999897 0.0757545 5.51258
3.51714 0.922906 0.99993 -0.0824194 5.7375
3.57093 1.0096 0.999802 -0.102411 5.86033
3.72158 1.23614 1.00042 0.0408681 6.11862
3.87488 1.45879 0.991549 0.0836308 6.3994
3.9125 1.51476 0.99156 0.0654897 6.46283
4.04197 1.73955 0.908008 -0.186137 6.75869
4.05873 1.76457 0.888668 -0.19001 6.81318
4.19287 1.95314 0.863417 -0.106288 7.0605
4.38362 2.19446 0.796309 -0.299964 7.41823
4.46238 2.27139 0.957403 -0.340557 7.56112
4.67266 2.46498 0.978297 -0.269667 7.84762
4.74378 2.52573 0.881961 -0.236655 7.97517
4.83691 2.60094 0.878904 -0.198789 8.11346
5.13104 2.87138 0.74974 0.743125 8.60936
5.17648 2.93242 0.745809 0.677989 8.71216
5.20432 2.9748 0.745512 0.70223 8.78458
5.21746 2.99647 0.745562 0.683477 8.82931
5.24221 3.04068 0.745318 0.721454 8.87505
5.26478 3.086 0.743662 0.702627 8.94788
5.29411 3.15486 0.733891 0.695211 9.03815
5.31002 3.19937 0.690118 0.684656 9.1283
5.32942 3.26546 0.682845 0.569673 9.21791
5.34031 3.31068 0.686584 0.417634 9.30741
5.35435 3.37893 0.683064 0.361864 9.39734
5.37571 3.51364 0.658738 0.0496453 9.58623
5.38513 3.5796 0.650436 -0.0404128 9.68496
5.39148 3.62322 0.644853 -0.0557538 9.77533
5.39795 3.66661 0.644487 -0.0660364 9.83813
5.4046 3.70994 0.644357 -0.0689937 9.90158
5.41148 3.75335 0.644728 -0.103291 9.96423
5.4186 3.7964 0.63829 -0.158019 10.0363
5.44218 3.92045 0.610662 -0.202772 10.251
5.45554 3.98066 0.601748 -0.196148 10.3497
5.46995 4.04001 0.597203 -0.185379 10.4397
5.48016 4.07931 0.597144 -0.187218 10.5313
5.50771 4.1766 0.593203 -0.175294 10.6697
5.51947 4.21522 0.57989 -0.0804818 10.763
5.54299 4.28965 0.567735 -0.0535068 10.9015
5.5549 4.32637 0.567686 -0.0632384 10.9644
5.57909 4.39947 0.564645 -0.047177 11.0994
5.59127 4.43563 0.553597 0.00672563 11.1621
5.60331 4.47129 0.553552 -0.00865948 11.2244
5.61528 4.50678 0.550666 0.00285446 11.2884
5.62709 4.5418 0.542102 0.0257904 11.3522
5.64463 4.59413 0.538999 0.0119375 11.4863
5.65615 4.62863 0.530675 0.0217861 11.5504
5.67872 4.69667 0.523379 0.026439 11.6585
5.68428 4.71357 0.523348 0.0249641 11.7224
5.69529 4.74714 0.519482 0.0299355 11.7849
5.7062 4.78066 0.517104 0.0181635 11.8481
5.71698 4.81391 0.511105 0.0231992 11.9115
5.72764 4.84699 0.511046 0.0191868 11.9738
5.73823 4.88002 0.509307 0.010483 12.037
5.74343 4.89626 0.501521 0.00659629 12.0999
5.75382 4.92879 0.502826 0.0103916 12.1651
5.76416 4.96125 0.499058 0.0079867 12.2306
5.7744 4.99347 0.495297 0.00772393 12.2955
5.7845 5.02529 0.48669 0.0258312 12.3614
5.79442 5.05674 0.482841 0.0230318 12.4265
5.80419 5.08784 0.482508 0.0250538 12.4916
5.80906 5.10331 0.484982 0.0269529 12.5376
5.81881 5.1341 0.482296 0.0391886 12.5838
5.82364 5.14938 0.480622 0.0766424 12.6304
5.83745 5.17898 0.470191 0.0667973 12.6946
5.84451 5.19426 0.467388 0.0599698 12.7401
5.85909 5.22495 0.471548 0.0593917 12.7855
5.86683 5.24015 0.465146 0.0752132 12.8488
5.88365 5.27043 0.467106 0.108869 12.9121
5.90198 5.30059 0.482286 0.116172 12.9758
5.92147 5.33033 0.476082 0.129772 13.0394
6.02569 5.49267 0.431969 0.224826 13.4205
6.04526 5.53678 0.441499 0.231808 13.5289
6.05527 5.56611 0.420529 0.199919 13.5686
6.0599 5.58078 0.434243 0.169127 13.605
6.06418 5.59546 0.435159 0.130668 13.6587
