6.14764e-05 -1.00717e-06 2.66604e-06 -7.72629e-08 0.501837
6.14691e-05 -1.0072e-06 1.52672e-06 -7.34065e-08 0.536084
0.00121611 -1.00941e-06 0.0334283 2.06842e-05 0.570085
0.00352621 -1.01183e-06 0.0676116 -1.62665e-05 0.732868
0.00699178 -1.01555e-06 0.101625 -2.09792e-05 0.878525
0.0173893 -1.01604e-06 0.16961 -6.22223e-06 1.01694
0.0416516 -9.96848e-07 0.27157 -7.86151e-06 1.12716
0.134715 0.000777741 0.45391 0.766417 1.37301
0.151284 0.00176792 0.488013 0.69406 1.39207
0.168609 0.00319971 0.511206 0.460337 1.41199
0.185921 0.00491838 0.511308 0.474458 1.4303
0.203293 0.00692724 0.513959 0.536097 1.44874
0.220627 0.00924608 0.514082 0.477487 1.46707
0.237924 0.0118484 0.514134 0.457579 1.48523
0.255177 0.0147226 0.514071 0.495396 1.50385
0.272379 0.0178847 0.514074 0.496918 1.52219
0.289526 0.0213355 0.514108 0.475537 1.54111
0.306616 0.0250643 0.514268 0.480248 1.56021
0.323035 0.0289298 0.496086 0.502032 1.57856
0.339485 0.0330934 0.499259 0.436785 1.59752
0.355874 0.0375036 0.499462 0.406997 1.61631
0.3722 0.0421439 0.499505 0.451104 1.63523
0.388452 0.047032 0.499585 0.456634 1.65359
0.404628 0.0521711 0.499687 0.430501 1.6721
0.420728 0.0575483 0.499701 0.43402 1.69102
0.436747 0.0631633 0.499662 0.447768 1.7103
0.45268 0.0690207 0.499623 0.442301 1.72889
0.468523 0.0751175 0.499556 0.436024 1.74758
0.484275 0.0814492 0.499443 0.440756 1.76632
0.499931 0.0880162 0.499312 0.44312 1.79764
0.515487 0.0948179 0.499195 0.439892 1.83176
0.530905 0.101836 0.497475 0.455458 1.86565
0.546194 0.109085 0.497982 0.472244 1.89937
0.561363 0.116575 0.498794 0.460775 1.93349
0.576421 0.124306 0.498282 0.453838 1.96762
0.591357 0.13227 0.497947 0.46147 2.00199
0.606163 0.140465 0.4983 0.463726 2.03604
0.620839 0.148892 0.498409 0.459052 2.07002
0.635384 0.157549 0.498179 0.458807 2.104
0.649812 0.166436 0.498816 0.452927 2.1381
0.664107 0.175557 0.498902 0.44694 2.17235
0.678262 0.184892 0.497931 0.447436 2.20633
0.692251 0.194434 0.497566 0.46429 2.24052
0.706082 0.204185 0.498326 0.466067 2.27451
0.71976 0.214156 0.498404 0.457205 2.3085
0.733284 0.224344 0.497807 0.458 2.34417
0.746647 0.234739 0.497684 0.462098 2.38046
0.759844 0.245339 0.497923 0.461439 2.41787
0.772875 0.256146 0.497882 0.459261 2.46292
0.78574 0.267159 0.498658 0.459138 2.50858
0.798464 0.278399 0.499533 0.439133 2.5552
0.811025 0.289831 0.499512 0.431075 2.60157
0.823414 0.301445 0.499452 0.444007 2.64703
0.835627 0.313243 0.499413 0.445081 2.69274
0.847659 0.325222 0.499391 0.437408 2.73797
0.859512 0.337379 0.499353 0.438733 2.78367
0.871181 0.34971 0.499309 0.442743 2.80199
0.882662 0.362214 0.499276 0.441028 2.82035
0.893954 0.374888 0.499243 0.439194 2.83922
0.905055 0.387729 0.499205 0.440522 2.85789
0.915961 0.400733 0.499168 0.441108 2.87691
0.92667 0.413898 0.499134 0.440179 2.89519
0.93718 0.427221 0.499098 0.440101 2.92156
0.947488 0.440699 0.499061 0.440639 2.95554
0.957593 0.45433 0.499026 0.4405 2.98954
0.967491 0.468109 0.498991 0.440163 3.02386
0.977173 0.482021 0.497489 0.444218 3.05799
0.986622 0.496049 0.496884 0.467036 3.09222
0.995841 0.510218 0.497756 0.467233 3.12592
1.00484 0.524538 0.49749 0.454638 3.15988
1.01362 0.539004 0.49752 0.455086 3.19409
1.02218 0.55361 0.497613 0.456053 3.22821
1.03051 0.56835 0.498444 0.454446 3.26226
1.03862 0.583248 0.498995 0.437886 3.29637
1.04652 0.598267 0.49908 0.43452 3.33055
1.05419 0.613403 0.499107 0.444429 3.36454
1.06164 0.628652 0.499155 0.443764 3.3985
1.06885 0.644012 0.499127 0.438268 3.4325
1.07584 0.659479 0.499103 0.439992 3.46656
1.08259 0.675048 0.499083 0.442721 3.50053
1.16428 0.985259 0.498546 0.460135 4.48283
1.166 1.00209 0.498476 0.460228 4.50086
1.16746 1.01896 0.498477 0.461006 4.51921
1.16866 1.03584 0.498513 0.460827 4.53707
1.16707 1.19476 0.338291 0.223668 4.99623
1.16252 1.23059 -0.0797312 0.251024 5.35684
1.16308 1.22721 -0.114124 0.273325 5.37506
1.16387 1.22277 -0.149531 0.295641 5.39357
1.16487 1.21727 -0.185981 0.317919 5.41173
1.16612 1.21071 -0.223161 0.338161 5.43014
1.16768 1.20308 -0.26333 0.344851 5.44839
1.16955 1.19448 -0.310558 0.352467 5.46654
1.17177 1.18484 -0.360331 0.352998 5.48491
1.17456 1.17395 -0.377949 0.358416 5.50313
1.17762 1.16223 -0.429606 0.367614 5.52131
1.18118 1.14943 -0.469845 0.376223 5.53891
1.18523 1.13561 -0.509272 0.385035 5.55711
1.25931 0.926384 -0.875915 0.341512 6.1542
1.59749 0.349437 -0.998181 0.00983476 6.83382
1.88913 -0.108582 -0.998957 -0.00127994 7.37245
1.92572 -0.165816 -0.999023 0.000821242 7.41883
2.41886 -0.939552 -0.999949 -6.52918e-05 8.36312
2.58346 -1.19755 -1.00026 0.000181876 8.65298
2.60175 -1.22622 -1.00029 0.000195994 8.67083
2.61938 -1.25382 -0.962867 0.0496831 8.68944
2.63643 -1.28041 -0.929214 0.0636545 8.70763
2.6529 -1.306 -0.895272 0.0323273 8.72615
2.84586 -1.59865 -0.284315 0.0411559 9.41847
2.86119 -1.62103 -0.148557 0.0410025 9.53422
2.86613 -1.62815 -0.012801 0.0409101 9.68817
2.8629 -1.62355 0.0890144 0.0408793 9.79798
2.81215 -1.5496 0.474479 0.19455 10.1439
2.73454 -1.37717 0.896437 0.146736 10.8894
2.69834 -1.33702 0.829047 -0.0520613 10.926
2.68243 -1.31912 0.776439 -0.337557 10.9712
2.66478 -1.29959 0.802264 -0.752962 11.0108
2.64779 -1.28004 0.77671 -1.01104 11.0468
2.63176 -1.26029 0.765252 -1.12966 11.092
2.61661 -1.24008 0.757681 -1.15469 11.1276
2.60227 -1.21933 0.75192 -1.13553 11.155
2.5887 -1.198 0.747709 -1.10748 11.1826
2.57594 -1.17616 0.742753 -1.10641 11.2131
2.56401 -1.15386 0.74247 -1.1096 11.2314
2.55294 -1.13115 0.742672 -1.11335 11.2496
2.54272 -1.10803 0.742721 -1.11679 11.268
2.53339 -1.08455 0.742567 -1.11536 11.2864
2.52496 -1.06074 0.742772 -1.11383 11.3044
2.51742 -1.03662 0.743401 -1.11382 11.3225
2.51081 -1.01223 0.743435 -1.11424 11.3406
2.50512 -0.987621 0.742637 -1.11429 11.3588
2.50037 -0.962813 0.74267 -1.11557 11.377
2.49656 -0.937866 0.742063 -1.12406 11.4074
2.4937 -0.912803 0.741852 -1.13156 11.4344
2.4918 -0.887617 0.746888 -1.10466 11.4617
2.49084 -0.862324 0.747211 -1.07609 11.498
2.4908 -0.836922 0.747953 -1.04884 11.5342
2.49166 -0.811509 0.748564 -1.03535 11.5705
2.49341 -0.786092 0.749027 -1.02777 11.6095
2.49605 -0.760745 0.747788 -1.02491 11.6547
2.49957 -0.735511 0.747972 -1.02822 11.7
2.50395 -0.710422 0.748024 -1.03095 11.7457
2.50921 -0.685506 0.747953 -1.03282 11.7921
2.51533 -0.660795 0.747891 -1.03409 11.8401
2.52231 -0.636316 0.747846 -1.03427 11.8852
2.53015 -0.612101 0.744341 -1.036 11.9301
2.53881 -0.588208 0.744208 -1.05442 11.9748
2.87008 -0.218176 0.74739 -1.03933 12.7164
3.16484 -0.136257 0.814286 -1.03564 13.1089
3.72735 -0.240661 0.877039 0.662746 13.7383
4.30944 -0.227078 0.769844 1.05548 14.4639
4.60204 -0.0305731 0.669901 1.00139 14.9803
4.65019 0.0467559 0.66921 1.04975 15.1504
4.67101 0.0987098 0.662519 0.988407 15.2835
4.71567 0.314703 0.757289 0.950495 15.6131
4.70445 0.613499 0.786471 0.208181 16.0323
4.67646 0.798583 0.790666 -0.00671008 16.2547
4.64642 1.00073 0.728076 -0.20816 16.5312
4.62911 1.15964 0.641233 0.0190503 16.7522
4.62475 1.2028 0.653217 0.104923 16.854
4.61683 1.34986 0.0823841 0.327244 17.0997
4.61914 1.35404 -0.0070316 0.298062 17.2164
4.62121 1.35907 0.00269473 0.27721 17.3513
4.62145 1.37216 0.0103498 0.231149 17.5111
4.62365 1.38775 0.00956051 0.215265 17.6875
4.62496 1.39557 0.0151272 0.166121 17.8236
4.62526 1.40437 0.44681 -0.0104441 17.9573
4.60939 1.44946 0.289259 -0.324036 18.1032
4.59744 1.48326 0.302255 -0.410636 18.2367
4.58351 1.53217 0.429725 -0.511062 18.3734
4.58005 1.54701 0.373653 -0.565124 18.3927
4.57649 1.563 0.494824 -0.610333 18.4394
4.57005 1.5981 0.550121 -0.663358 18.515
4.5647 1.63799 0.630976 -0.634464 18.5694
4.56248 1.6598 0.639994 -0.63228 18.6239
4.55833 1.77445 0.694821 -0.584271 18.7905
4.56156 1.85971 0.601774 -0.591532 18.9192
4.56208 1.88889 0.420455 -0.594329 18.9927
4.56203 1.90184 -0.0358606 -0.527597 19.0384
4.57401 1.97714 0.617102 -0.152616 19.2226
4.58803 2.03541 0.591118 -0.0516596 19.3321
4.60724 2.11475 0.608159 0.0754875 19.459
4.62087 2.17358 0.594161 0.203939 19.5597
4.63169 2.22479 0.505044 0.207462 19.6635
4.64131 2.27733 0.357036 0.257144 19.8027
4.64694 2.31702 0.171887 0.33339 19.9707
4.64774 2.32708 -0.00625939 0.38396 20.1449
4.64718 2.315 -0.137624 0.347043 20.2801
4.64805 2.26282 -0.340366 0.324899 20.4919
4.65376 2.18794 -0.509436 0.304734 20.6426
4.67775 1.87176 -0.911551 -0.746627 21.1061
4.61994 1.5272 -1.05236 -0.707893 21.4532
4.54615 1.32586 -1.05139 -0.689593 21.6403
4.48202 1.19815 -1.05077 -0.676876 21.7899
4.18478 0.784269 -0.855087 0.316531 22.2722
4.03032 0.529347 -0.348455 0.336846 22.8172
4.00799 0.480856 -0.0775711 0.346645 23.0627
4.02627 0.53223 0.315765 -0.195987 23.4604
4.0414 0.568258 0.416793 -0.201952 23.5382
4.05435 0.597278 0.484211 -0.205763 23.6227
4.07843 0.648133 0.585396 -0.212102 23.7043
4.09778 0.686812 0.652951 -0.216219 23.7805
4.18517 0.872216 0.416679 -0.336844 24.1132
4.30108 1.07088 0.797374 -0.243954 24.5399
4.54054 1.32502 0.812229 -0.195658 24.9713
4.64147 1.41922 0.812532 -0.222277 25.15
4.74603 1.50952 0.812877 -0.217298 25.3147
4.91643 1.64209 0.611213 -0.193307 25.6316
5.00156 1.70285 0.661385 1.15759 25.7965
5.06977 1.76135 0.66522 0.760606 25.9414
5.13184 1.82677 0.662962 0.748358 26.0609
5.18667 1.89812 0.660833 0.736961 26.2094
5.26308 2.03312 0.633529 1.04659 26.4346
5.32207 2.26148 0.643874 0.835759 26.8206
5.32478 2.38955 0.6224 0.659294 27.0093
5.31735 2.4738 0.622005 0.631948 27.1566
5.3035 2.55743 0.637426 0.321658 27.3019
5.28605 2.63902 0.597516 0.0647294 27.4522
5.26486 2.73882 0.598497 -0.413847 27.5898
5.25415 2.81921 0.594693 -0.638617 27.7293
5.25641 2.96173 0.607295 -0.915235 27.9705
5.26652 3.02125 0.608106 -0.999852 28.0864
5.28684 3.09219 0.573753 -0.820267 28.2027
5.30241 3.14431 0.571717 -0.807309 28.3096
5.32111 3.19787 0.592943 -0.771809 28.4056
5.34261 3.25112 0.6132 -0.773258 28.5165
5.38824 3.34435 0.487386 -0.803971 28.7336
5.42388 3.39154 0.6335 -0.784165 28.8344
5.47235 3.44359 0.533859 -0.320462 28.9568
5.53591 3.5078 0.546176 0.281558 29.1209
5.59007 3.55516 0.537064 0.823208 29.2685
5.63984 3.6076 0.529799 0.961893 29.4206
5.68209 3.66578 0.525597 1.08487 29.5483
5.72827 3.76172 0.522925 1.0458 29.7391
5.75269 3.86397 0.50875 1.0013 29.9592
5.75664 3.95119 0.523953 0.786566 30.1123
5.74619 4.05589 0.519544 0.297096 30.3257
5.73707 4.1072 0.510698 0.406787 30.4411
5.72648 4.15813 0.505801 -0.156364 30.5391
5.71608 4.20865 0.50558 -0.0806395 30.6363
5.69766 4.30934 0.494038 -0.704773 30.8335
5.6922 4.35921 0.490698 -0.668439 30.9421
5.68983 4.409 0.487628 -0.640788 31.0291
5.69002 4.44216 0.487785 -0.615823 31.1161
5.69299 4.49151 0.485005 -0.695096 31.2037
5.69931 4.54066 0.488004 -0.4567 31.3134
5.71173 4.6044 0.476593 -0.378306 31.4446
5.72348 4.65139 0.474641 -0.366675 31.5539
5.73682 4.69773 0.47671 -0.315109 31.6523
5.75152 4.74349 0.4769 -0.0961961 31.7526
5.76704 4.78876 0.4768 -0.176883 31.8642
5.78336 4.83355 0.459683 -0.0370247 31.9744
5.80577 4.89328 0.450866 -0.135989 32.0842
5.82336 4.93789 0.451698 -0.0635444 32.1939
5.84301 4.98178 0.455806 0.0793073 32.3038
5.85535 5.01088 0.452712 0.129327 32.3781
5.86645 5.03969 0.451324 0.153451 32.4467
5.87693 5.06834 0.449101 0.180415 32.5149
5.88704 5.09704 0.445704 0.220555 32.5833
5.89667 5.12575 0.445205 0.22483 32.6516
5.91012 5.16874 0.439532 0.270759 32.7485
5.92229 5.21177 0.437892 0.26962 32.8453
5.93321 5.25484 0.434453 0.25274 32.9426
5.93985 5.28358 0.4328 0.237134 33.0108
5.946 5.31235 0.432778 0.240147 33.0785
5.95169 5.34113 0.431254 0.204885 33.1487
5.97873 5.51253 0.420529 0.0400754 33.5655
5.9864 5.5692 0.420376 0.0464498 33.6898
5.98826 5.58337 0.420335 0.0498129 33.7508
5.99009 5.59754 0.420301 0.0487235 33.7991
