7.0409e-05 -1.00787e-06 1.29268e-06 -8.35788e-08 0.0930365
7.04085e-05 -1.00796e-06 1.57378e-06 -7.05125e-08 0.127084
0.00122501 -1.00958e-06 0.0334599 2.17514e-05 0.16107
0.00353521 -1.01087e-06 0.0676136 -1.60489e-05 0.395592
0.0416608 -9.78242e-07 0.271571 -7.9352e-06 0.718815
0.138715 -5.43537e-07 0.50947 -1.06286e-05 0.980849
0.272389 0.00523302 0.568232 0.53845 1.2001
0.329962 0.0122213 0.569156 0.504142 1.30835
0.56728 0.0530916 0.712326 -0.163756 1.68662
0.962109 0.0452962 0.680216 -0.840193 2.2051
1.05049 0.0183886 0.678332 -0.939107 2.36837
1.15523 -0.0300061 0.68045 -0.871077 2.53497
1.26126 -0.100155 0.815917 -0.898577 2.68226
1.90521 -0.598984 0.99597 0.877297 3.53891
2.53436 -0.642701 0.69323 0.882323 4.27844
2.55714 -0.636629 0.693251 0.851335 4.2879
2.57972 -0.629898 0.693177 0.872503 4.29745
2.6021 -0.622503 0.693117 0.884437 4.30707
2.62424 -0.614441 0.693107 0.869746 4.31651
2.64614 -0.605728 0.693076 0.86676 4.32583
2.66776 -0.596375 0.693021 0.875363 4.33546
2.6891 -0.586384 0.692984 0.874757 4.34473
2.71013 -0.575763 0.692292 0.870767 4.35411
2.73075 -0.564562 0.689308 0.912504 4.36338
2.75099 -0.552747 0.691179 0.933487 4.373
3.04547 -0.283837 0.997375 0.856037 5.06029
3.33915 0.601125 1.00267 0.317255 6.00095
3.35359 0.76981 1.00408 0.271966 6.17675
3.35834 0.871591 1.00219 0.2719 6.26075
3.36045 0.973581 1.00207 -0.251409 6.36171
3.36647 1.1096 1.00095 -0.382932 6.51397
3.38317 1.24476 1.00166 -0.71661 6.64194
3.43602 1.4413 0.997083 -0.799545 6.86178
3.48674 1.5609 0.953762 -0.945921 6.97405
3.51736 1.61756 0.950033 -0.886721 7.0654
3.55144 1.6724 0.947171 -0.875454 7.12033
3.60813 1.74997 0.935631 -0.853803 7.21552
3.69222 1.8437 0.91846 -0.605848 7.35425
3.75845 1.90767 0.917554 -0.0388966 7.47854
3.82608 1.97185 0.914086 0.0322937 7.57239
3.89434 2.0378 0.929834 0.218363 7.67656
4.05079 2.19989 0.944208 0.452606 7.89935
4.1123 2.27058 0.917955 0.455632 8.01497
4.25542 2.45889 0.861257 0.420217 8.27915
4.3022 2.53154 0.82744 0.44505 8.37218
4.33036 2.57906 0.818841 0.383051 8.46346
4.3705 2.65202 0.817198 0.343718 8.55822
4.40785 2.72609 0.804781 0.319789 8.65276
4.44198 2.79968 0.778029 0.240284 8.74444
4.46299 2.84768 0.767791 0.129948 8.83696
4.49342 2.91928 0.759317 0.0711262 8.93928
4.56161 3.08444 0.739171 -0.0426553 9.15858
4.63957 3.26613 0.724652 -0.116413 9.43698
4.72224 3.44312 0.715992 -0.132293 9.71835
4.80926 3.61347 0.696668 -0.147693 9.9988
4.89915 3.77529 0.67498 -0.090222 10.2527
4.97826 3.91097 0.654307 -0.0264379 10.5036
5.06709 4.06105 0.636513 0.0389127 10.7568
5.08891 4.0982 0.636418 0.0184622 10.8229
5.09947 4.11624 0.61644 0.0988509 10.8723
5.10996 4.13431 0.616375 0.12131 10.9202
5.13076 4.17056 0.616201 0.0690869 10.9865
5.15137 4.20692 0.615373 0.0931337 11.0538
5.20078 4.2964 0.58062 0.121529 11.2232
5.26353 4.41694 0.567088 0.110445 11.4478
5.2892 4.46873 0.566698 0.1127 11.5398
5.30588 4.50319 0.562855 0.0989178 11.6051
5.32231 4.53775 0.562772 0.105558 11.6703
5.35454 4.60741 0.569393 0.10309 11.8387
5.40785 4.72544 0.535705 -0.0905284 12.0736
5.42312 4.75851 0.535568 -0.0540641 12.1397
5.43847 4.7914 0.531977 -0.0904979 12.2057
5.45396 4.82408 0.531877 -0.0742184 12.2732
5.46962 4.85668 0.532716 -0.0836238 12.3392
5.48546 4.8892 0.532576 -0.0789542 12.4095
5.50145 4.92158 0.524774 -0.10696 12.4784
5.54832 5.01348 0.502392 -0.0748334 12.664
5.56404 5.04345 0.498193 -0.0720376 12.7354
5.57978 5.07313 0.494391 -0.0585911 12.8014
5.59551 5.10252 0.490626 -0.0509626 12.8703
5.61136 5.13185 0.490536 -0.0548405 12.9376
5.62731 5.16113 0.490485 -0.0531085 13.0048
5.64321 5.1901 0.486164 -0.0244992 13.0723
5.65922 5.2191 0.475676 -0.00802147 13.1389
5.67473 5.24715 0.471912 0.0140066 13.2058
5.69009 5.27503 0.468388 0.0340836 13.2731
5.69769 5.28887 0.464675 0.0472998 13.3392
5.71278 5.31647 0.461272 0.0404503 13.4057
5.72768 5.34391 0.457842 0.0570058 13.4722
5.74236 5.3712 0.454102 0.0711003 13.5376
5.74963 5.38481 0.454037 0.0775299 13.5749
5.77795 5.43874 0.443751 0.0859066 13.7043
5.79172 5.46553 0.442085 0.0847486 13.78
5.81195 5.50558 0.438794 0.0871446 13.874
5.82508 5.53202 0.432556 0.0640678 13.9489
5.84445 5.57165 0.432439 0.0703287 14.0236
5.85082 5.58484 0.430831 0.0805135 14.0804
5.85716 5.59805 0.430783 0.086841 14.1185
5.86336 5.61108 0.424431 0.0657577 14.1565
