7.90409e-05 -1.03739e-06 3.07813e-06 -7.13934e-08 0.0508554
7.90505e-05 -1.03733e-06 2.39433e-06 -7.5755e-08 0.38685
7.90709e-05 -1.0374e-06 1.81037e-06 -7.71171e-08 0.395941
7.90998e-05 -1.03744e-06 3.42397e-06 -5.60017e-08 0.400623
7.91216e-05 -1.03744e-06 4.43907e-06 -5.96071e-08 0.402983
7.91441e-05 -1.03744e-06 3.38087e-06 -6.04367e-08 0.405292
0.345501 -0.000197838 0.790975 -0.431856 1.57332
0.372932 -0.000782709 0.808604 -0.668464 1.60178
0.400938 -0.00202366 0.826367 -0.825495 1.6305
0.429485 -0.00409373 0.844247 -1.03969 1.65904
0.458173 -0.00716619 0.852117 -1.13501 1.68648
0.486721 -0.0113454 0.853068 -1.03298 1.71635
0.886859 -0.207165 0.838338 -1.14066 2.26
0.906672 -0.226973 0.837871 -1.13375 2.28821
1.0967 -0.595553 0.829024 -0.998362 2.80383
1.10192 -0.623234 0.828814 -0.992528 2.83103
1.10621 -0.651085 0.828938 -0.98798 2.85733
1.10957 -0.679073 0.828972 -0.986686 2.88359
1.11199 -0.707161 0.828988 -0.98586 2.91251
1.11347 -0.735317 0.829013 -0.98454 2.94044
1.11401 -0.76351 0.82903 -0.983947 2.96611
1.1136 -0.791704 0.825186 -0.986209 3.00436
1.11226 -0.819832 0.825058 -1.00741 3.05055
1.10995 -0.847835 0.825063 -1.03032 3.09048
1.10667 -0.875731 0.828358 -1.02781 3.13751
1.10256 -0.902567 0.797562 -1.04263 3.17529
1.09771 -0.928097 0.763082 -1.05517 3.23254
1.08616 -0.975118 0.695847 -1.0704 3.30125
1.07267 -1.01674 0.627726 -1.06927 3.35059
1.06542 -1.03554 0.593605 -1.06545 3.40805
1.05794 -1.053 0.560011 -1.06319 3.43557
1.05032 -1.06916 0.525706 -1.05559 3.46185
1.04265 -1.08403 0.491616 -1.0474 3.4959
1.03502 -1.09762 0.457635 -1.04216 3.5213
0.938932 -1.22271 0.0804096 1.04703 4.62206
0.935095 -1.2429 -0.105087 0.782019 5.16218
0.919843 -1.20876 -0.127501 0.617092 5.47042
0.914213 -1.1994 -0.131199 0.28142 5.58202
0.912097 -1.19611 -0.133055 0.18892 5.60767
0.909848 -1.19266 -0.13324 0.135737 5.6353
0.907517 -1.18912 -0.132781 0.101425 5.66276
0.905126 -1.18551 -0.133064 0.074288 5.68942
0.902678 -1.18184 -0.135935 0.0377801 5.72143
0.900186 -1.17812 -0.134788 0.00728893 5.75375
0.897693 -1.17441 -0.134484 0.0253385 5.77967
0.895669 -1.1714 -0.117704 -0.124466 5.80891
0.894025 -1.16894 -0.116089 -0.345499 5.83701
0.892369 -1.16638 -0.0969006 -0.935525 5.86397
0.890582 -1.16343 -0.10232 -1.23271 5.89642
0.888862 -1.16032 -0.10448 -1.04066 5.92166
0.887257 -1.15714 -0.104647 -0.944575 5.94784
0.88576 -1.15392 -0.104315 -1.07656 5.98042
0.884385 -1.15064 -0.103946 -1.09687 6.00615
0.883133 -1.14732 -0.104034 -1.01803 6.03158
0.881999 -1.14395 -0.104175 -1.02667 6.05631
0.880986 -1.14055 -0.104049 -1.0685 6.08378
0.880098 -1.13711 -0.10404 -1.05218 6.11602
0.879335 -1.13364 -0.104143 -1.03287 6.14026
0.878696 -1.13015 -0.10419 -1.04661 6.1677
0.878184 -1.12664 -0.104147 -1.05382 6.19375
0.877799 -1.12311 -0.104405 -1.04506 6.23105
0.877542 -1.11957 -0.104446 -1.04417 6.25847
0.877412 -1.11602 -0.104476 -1.04844 6.28538
0.877411 -1.11247 -0.104504 -1.04785 6.34875
0.877536 -1.10892 -0.104545 -1.04559 6.42537
0.877789 -1.10537 -0.104585 -1.04647 6.52132
0.878676 -1.09831 -0.104651 -1.04672 6.61483
0.881949 -1.08447 -0.104796 -1.04659 6.73321
0.885681 -1.07445 -0.104904 -1.04672 6.85031
0.892277 -1.0618 -0.105047 -1.04663 6.96661
0.951601 -0.96856 -0.060575 0.956897 8.54846
0.938454 -0.936115 -0.0904345 0.506766 9.06946
0.916129 -0.906806 -0.088462 -0.654869 9.46639
0.913983 -0.904273 -0.0975629 -0.758102 9.49275
0.911895 -0.901684 -0.0979498 -0.531749 9.51832
0.90985 -0.899051 -0.0979526 -0.526555 9.54403
0.907858 -0.896385 -0.0976783 -0.654809 9.5685
0.905926 -0.893681 -0.0976828 -0.624849 9.59645
0.904049 -0.890934 -0.0977637 -0.560618 9.62454
0.902224 -0.888151 -0.0976663 -0.593886 9.65153
0.900458 -0.885334 -0.0975593 -0.621379 9.67825
0.898751 -0.882482 -0.0975258 -0.59569 9.70524
0.897102 -0.879596 -0.0974365 -0.58686 9.73393
0.895886 -0.877364 -0.0744381 -0.779719 9.7614
0.895003 -0.875635 -0.0569268 -1.07809 9.78768
0.894297 -0.874123 -0.0493852 -1.13898 9.82865
0.893647 -0.872582 -0.0497752 -1.00867 9.87979
0.893049 -0.871014 -0.0497535 -1.00346 9.91814
0.892502 -0.869431 -0.0493392 -1.07762 9.95741
0.892032 -0.867927 -0.0467976 -1.09734 9.99548
0.891641 -0.866443 -0.0475715 -1.09889 10.034
0.891306 -0.86494 -0.0476643 -1.08899 10.0739
0.891026 -0.863423 -0.0472039 -1.09005 10.1051
0.890798 -0.8619 -0.0472554 -1.09491 10.131
0.890623 -0.860371 -0.0473261 -1.093 10.162
0.89051 -0.858835 -0.0470723 -1.0915 10.1903
0.890458 -0.857297 -0.0468174 -1.09344 10.2176
0.89047 -0.855713 -0.0493495 -1.08095 10.2712
0.890541 -0.854047 -0.0495103 -1.02371 10.3605
0.891108 -0.849079 -0.0494364 -1.04988 10.4657
0.892683 -0.842611 -0.0493546 -1.04456 10.5878
0.914369 -0.816223 -0.0492645 -1.04665 11.2981
0.933128 -0.810364 -0.00452352 -0.23536 11.8619
0.924717 -0.810035 0.1114 -0.52005 12.3259
0.87428 -0.799063 0.155954 -1.04976 12.6617
0.797378 -0.749168 0.290484 -1.04627 13.0177
0.718692 -0.257503 0.52243 -1.03858 14.1548
0.801229 -0.121775 0.520318 -1.13206 14.4815
0.925924 -0.0165166 0.638789 -1.04543 14.7416
1.27092 0.109194 0.78126 -0.250044 15.2383
1.29673 0.11548 0.781347 -0.196398 15.2704
1.32258 0.12159 0.781119 -0.179489 15.2959
1.34848 0.127539 0.781131 -0.213722 15.3213
1.37441 0.133303 0.781263 -0.214558 15.3471
1.40038 0.138879 0.781233 -0.195327 15.3784
1.4264 0.144282 0.781178 -0.199687 15.4081
1.45244 0.149508 0.781219 -0.209218 15.4328
1.47853 0.154551 0.781251 -0.204406 15.4575
1.50465 0.159413 0.781233 -0.200442 15.4829
1.5308 0.164096 0.781232 -0.204085 15.5099
1.55801 0.168767 0.811588 -0.258056 15.5376
1.58603 0.173351 0.835436 -0.116012 15.569
1.61462 0.177942 0.851676 0.218944 15.5977
1.64372 0.182839 0.867924 0.439563 15.6262
1.67331 0.188277 0.884865 0.578069 15.6571
1.70312 0.19437 0.894849 0.70579 15.6858
1.73277 0.20116 0.894316 0.675187 15.7109
1.76227 0.208625 0.894398 0.611675 15.7371
1.7916 0.216711 0.894621 0.643098 15.7677
1.82074 0.225434 0.894473 0.670325 15.7942
1.84969 0.234814 0.894428 0.64506 15.8194
1.87842 0.244827 0.894543 0.636047 15.8494
1.90693 0.25546 0.894549 0.653247 15.8816
1.93519 0.266721 0.894514 0.653644 15.9067
1.9632 0.278607 0.89454 0.643353 15.9312
1.99094 0.291102 0.894566 0.646294 15.9572
2.0184 0.304204 0.894551 0.651492 15.9827
2.04557 0.317909 0.894562 0.647959 16.0077
2.07243 0.33221 0.894572 0.646096 16.0393
2.09897 0.347096 0.894573 0.648904 16.0646
2.12517 0.362564 0.894578 0.648947 16.0961
2.15103 0.378605 0.894557 0.647157 16.1223
2.17652 0.395211 0.894963 0.647438 16.1549
2.20163 0.412372 0.893595 0.651077 16.1809
2.22631 0.430048 0.892373 0.68481 16.2184
2.25055 0.448294 0.894184 0.686931 16.2578
2.27437 0.467094 0.894356 0.666144 16.3017
2.55899 0.781213 0.894259 0.635187 16.9911
2.75281 1.23622 0.948162 0.57003 17.5455
2.79074 1.4586 0.948412 0.582134 17.7892
2.79784 1.70357 0.854429 0.0866955 18.0539
2.79464 1.84244 0.772216 -0.140268 18.2078
2.79386 1.89278 0.749589 -0.412445 18.2917
2.82126 2.13776 0.70333 -1.1073 18.6396
2.92178 2.35264 0.701917 -0.99782 18.95
2.99719 2.44301 0.692101 -0.988353 19.129
3.18553 2.57927 0.686879 -0.741393 19.468
3.45524 2.69558 0.667116 0.0750812 19.9284
3.93968 2.95656 0.640471 0.656571 20.7724
4.20013 3.31066 0.747329 0.541551 21.4302
4.27521 3.49947 0.747985 0.536326 21.6859
4.30623 3.61553 0.649372 0.534152 21.8741
4.32735 3.73832 0.610461 -0.0102431 22.0562
4.3429 3.83535 0.567443 -0.600513 22.2202
4.36005 3.91004 0.563581 -0.578283 22.3571
4.38259 3.98229 0.55388 -0.697876 22.4916
4.40381 4.03442 0.550333 -0.816422 22.6257
4.50868 4.20834 0.449092 -0.357983 23.0161
4.52532 4.23096 0.295368 -0.187626 23.1147
4.54017 4.24617 0.00584617 -0.076947 23.5118
4.54209 4.24608 0.00925884 -0.084904 23.6735
4.54734 4.25095 0.0231382 -0.029331 23.835
4.54097 4.24518 -0.110692 -0.0844634 23.9665
4.50738 4.21418 -0.277164 -0.496187 24.1769
4.45616 4.17348 -0.452048 -0.630605 24.335
4.35977 4.11305 -0.585387 -0.604839 24.5528
4.28389 4.07588 -0.483336 -0.601227 24.7307
3.91363 3.9858 -0.390269 -0.480379 25.2826
3.90595 3.988 0.0228999 -0.410592 25.5366
3.91358 3.99326 0.0249007 -0.470501 25.802
3.32414 4.25175 -1.00287 0.03141 26.7371
3.08405 4.37942 -0.999639 -0.0533069 26.9965
2.59242 4.69981 -0.00665142 -0.0161883 27.8856
2.10192 5.07639 -0.997054 -0.0151647 28.7715
2.04551 5.11406 -0.997109 -0.00714788 28.8331
1.90448 5.20814 -0.997199 -0.00524968 29.009
1.5264 5.50762 -0.31084 0.147334 29.8741
1.50733 5.52626 -0.0893346 0.0214702 30.0749
1.50519 5.52725 -0.0640328 0.0407035 30.0999
1.50387 5.52797 -0.039132 0.0692757 30.1249
1.61852 5.46671 0.493119 0.000997282 30.6709
1.72336 5.41367 0.619136 1.01842 30.8825
1.78337 5.39167 0.626907 1.00316 30.9894
1.97646 5.36622 0.672216 0.949783 31.3003
2.08131 5.42437 0.123332 0.804154 31.621
2.0867 5.45893 0.1944 0.811276 31.8134
2.08719 5.48702 -0.0234532 0.732299 32.0083
2.06909 5.47711 -0.257538 0.60357 32.2301
2.02137 5.42454 -0.441214 1.07002 32.4094
1.96405 5.32591 -0.645245 1.04332 32.6318
1.91324 4.99452 -0.343616 1.09398 33.206
1.7869 5.05013 0.520903 -0.175699 34.1521
1.46483 5.41893 0.534328 -1.0856 35.0859
1.54704 5.72618 0.306614 -0.931742 36.1723
1.59951 5.75913 0.335933 -1.03425 36.3945
1.64858 5.77678 0.267451 -1.0966 36.5719
1.71847 5.77856 0.294261 -1.13031 36.947
1.81663 5.74735 0.538044 -1.03136 37.177
1.906 5.69765 0.637013 -0.53697 37.3804
2.02762 5.61055 0.620244 0.132576 37.6174
2.14938 5.52799 0.615774 0.709838 37.8287
2.26336 5.47682 0.611284 0.992074 38.0302
2.32329 5.46036 0.609191 1.13371 38.143
2.38375 5.45074 0.599146 1.0545 38.2441
2.4448 5.44781 0.597198 1.04068 38.354
2.50545 5.45138 0.592138 1.06517 38.4557
2.58398 5.46592 0.593828 0.808006 38.6015
2.69921 5.50293 0.592286 0.450323 38.7829
2.90252 5.59512 0.598217 -0.0344682 39.1567
3.1194 5.70576 0.59288 -0.324946 39.5719
3.33376 5.80194 0.57396 -0.427444 39.9994
3.41465 5.83454 0.575103 -0.4725 40.1487
3.46211 5.8512 0.583069 -0.490164 40.2516
3.50855 5.86386 0.54939 -0.551664 40.3782
3.56758 5.87543 0.549406 -0.650021 40.5143
3.64594 5.88106 0.568771 -0.610077 40.6588
3.69244 5.87957 0.498367 -0.605987 40.7707
3.7405 5.87574 0.530604 -0.552752 40.8769
3.79111 5.87135 0.532364 -0.230475 40.9896
3.86106 5.85798 0.523696 0.0535021 41.1235
3.99974 5.83464 0.51134 0.387069 41.3995
4.08599 5.82636 0.508446 0.427615 41.5385
4.155 5.82431 0.507358 0.458761 41.6845
4.22364 5.82647 0.504373 0.452146 41.8248
4.29138 5.83274 0.496377 0.364294 41.9639
4.35757 5.84233 0.490457 0.303701 42.1096
4.42254 5.8546 0.486436 0.201797 42.2426
4.48681 5.86867 0.482751 0.0658927 42.3758
4.55084 5.88363 0.484308 0.0947825 42.5114
4.61445 5.89929 0.480035 -0.0419035 42.6538
4.74002 5.9298 0.470945 -0.123861 42.9037
4.77124 5.93691 0.470703 -0.097299 42.9977
4.81768 5.94698 0.46588 -0.129177 43.0936
4.87982 5.95929 0.465713 -0.14087 43.2256
4.92632 5.96762 0.461838 -0.188976 43.3273
4.97199 5.97494 0.453462 -0.187214 43.4262
5.06311 5.98693 0.449088 -0.146078 43.6225
5.10839 5.99171 0.444293 -0.128655 43.7195
5.13846 5.99449 0.436873 -0.139989 43.8116
5.18348 5.99814 0.430587 -0.14066 43.9125
5.22841 6.00117 0.432159 -0.117168 44.006
5.27303 6.00345 0.437397 -0.0821884 44.1011
5.31689 6.00338 0.43243 -0.041169 44.1952
5.36087 6.00543 0.429984 -0.0498245 44.296
5.37547 6.00609 0.429918 -0.0492136 44.3469
5.40455 6.00721 0.427525 -0.0317828 44.4074
5.41907 6.00776 0.427333 -0.0284804 44.4658
5.44798 6.00881 0.425058 -0.0134519 44.518
5.47676 6.00982 0.422052 0.00014308 44.5693
5.50539 6.01083 0.419798 0.0149957 44.6514
5.5338 6.01186 0.416811 0.025975 44.7347
5.57617 6.01348 0.414397 0.033839 44.819
