5.91991e-05 -9.96058e-07 2.91679e-06 -7.48331e-08 0.348774
5.91874e-05 -9.95989e-07 2.30197e-06 -7.94232e-08 0.383096
5.91865e-05 -9.9599e-07 1.58337e-06 -8.05342e-08 0.417013
5.9196e-05 -9.96079e-07 1.86849e-06 -6.77816e-08 0.451124
0.00125967 -1.14762e-06 0.0348536 -0.019586 0.485052
0.0036168 -2.72582e-06 0.0689967 -0.025221 0.51922
0.00712896 -7.975e-06 0.102986 -0.0130941 0.553377
0.0117961 -1.72344e-05 0.13698 -0.0130182 0.587447
0.017619 -3.1621e-05 0.170982 -0.0196709 0.621739
0.0245976 -5.32521e-05 0.204967 -0.018072 0.65593
0.0327313 -8.32858e-05 0.238947 -0.0148649 0.689923
0.0420205 -0.000122579 0.272935 -0.016502 0.723968
0.0524653 -0.000172601 0.306924 -0.0178604 0.757972
0.0640655 -0.000235111 0.340907 -0.0166319 0.792024
0.0768211 -0.000311075 0.374891 -0.016192 0.826078
0.0907321 -0.00040162 0.408878 -0.016978 0.860005
0.105799 -0.000508338 0.442864 -0.0170341 0.894072
0.12202 -0.0006326 0.476849 -0.0165952 0.928118
0.139398 -0.000775531 0.510835 -0.016673 0.962257
0.15793 -0.000938459 0.544821 -0.0168928 0.996316
0.177618 -0.00112281 0.578806 -0.0167962 1.03053
0.198462 -0.00132985 0.612792 -0.0167068 1.06456
0.22046 -0.00156086 0.646779 -0.0167929 1.09859
0.243614 -0.0018172 0.680765 -0.0168237 1.13285
0.267923 -0.00209829 0.714865 -0.0173267 1.16684
0.293386 -0.00240858 0.749248 -0.0180188 1.20085
0.320004 -0.00275216 0.783662 -0.0154505 1.23498
0.347777 -0.00312509 0.818099 -0.014902 1.26893
0.376705 -0.00352629 0.852568 -0.017585 1.30294
0.406789 -0.00396006 0.887061 -0.0184789 1.33685
0.438028 -0.00443051 0.921576 -0.0168713 1.37095
0.470421 -0.00493847 0.956116 -0.0158361 1.40503
0.50397 -0.00548318 0.990682 -0.0162737 1.43899
0.537948 -0.00604196 1.00386 0.0358632 1.47311
0.571924 -0.00656304 1.00446 0.0506373 1.50718
0.605902 -0.00703831 1.0052 0.0222371 1.54118
0.639881 -0.00748211 1.00585 0.0214852 1.57525
0.673862 -0.00789226 1.00641 0.0341875 1.60943
0.707843 -0.00826307 1.00696 0.0281091 1.64354
0.741826 -0.00860774 1.00751 0.0250039 1.67773
0.77581 -0.00892499 1.00798 0.0324249 1.71174
0.809794 -0.0092035 1.0084 0.0318643 1.74595
0.84378 -0.00944352 1.00881 0.0261214 1.77993
0.877766 -0.00965196 1.00917 0.0268013 1.81387
0.911754 -0.00983041 1.00947 0.0301146 1.84792
0.945743 -0.00997643 1.0097 0.0302615 1.8819
0.979733 -0.0100878 1.00989 0.0290667 1.9159
1.01372 -0.010164 1.01002 0.0284507 1.94984
1.04772 -0.0102064 1.01009 0.0283037 1.98398
1.08171 -0.0102169 1.0101 0.0287929 2.01806
1.1157 -0.0101953 1.01005 0.0295119 2.05217
1.1497 -0.0101399 1.00993 0.0294755 2.08622
1.18369 -0.01005 1.00977 0.0283057 2.12036
1.21769 -0.00992953 1.00955 0.0149819 2.15455
1.25169 -0.00979076 1.0093 0.0120397 2.18855
1.28569 -0.00963563 1.00897 0.0194269 2.22274
1.31969 -0.00946009 1.00859 0.0192911 2.25675
1.35369 -0.00926462 1.00818 0.0166155 2.29081
1.38769 -0.00905075 1.00773 0.0086977 2.32495
1.4217 -0.0088245 1.00726 0.00628913 2.35884
1.4557 -0.00858904 1.00663 0.0100162 2.39301
1.48971 -0.00834394 1.00609 0.0106985 2.42705
1.52372 -0.00808872 1.00555 0.00985777 2.4609
1.55773 -0.00782277 1.005 0.00394041 2.49509
1.59174 -0.00755004 1.00444 0.00160347 2.52921
1.62575 -0.00727355 1.00388 0.00418915 2.56326
1.65976 -0.00699459 1.00332 0.000981359 2.59736
1.69377 -0.00671616 1.00277 -0.000427576 2.63145
1.72778 -0.00643755 1.00223 -0.000918622 2.66553
1.76179 -0.00615883 1.0017 -0.00239009 2.69978
1.79581 -0.00588283 1.0012 -0.00409292 2.73389
1.82982 -0.00561316 1.00071 -0.00881328 2.76794
1.86384 -0.00535352 1.00025 -0.0086266 2.80197
1.89761 -0.00510462 0.99297 -0.0045719 2.83603
1.93077 -0.00485935 0.975132 0.0363683 2.87011
1.96286 -0.00459081 0.943508 0.0125039 2.90409
1.99411 -0.00431894 0.918885 -0.0330507 2.9382
2.02456 -0.00408218 0.895292 -0.0163352 2.97204
2.05422 -0.00386718 0.872294 0.00751287 3.00614
2.08313 -0.00365373 0.849951 -0.00443855 3.04019
2.1113 -0.00345001 0.828416 -0.0156143 3.07429
2.13874 -0.00326436 0.807121 -0.00682149 3.1084
2.16548 -0.00309001 0.78638 -0.00125947 3.14261
2.19153 -0.0029222 0.766192 -0.00663929 3.17662
2.21691 -0.00276418 0.746517 -0.00857236 3.21064
2.24164 -0.00261702 0.727334 -0.00477874 3.2447
2.26573 -0.00247782 0.708649 -0.00384208 3.27887
2.28921 -0.00234551 0.690448 -0.00575646 3.31282
2.31208 -0.00222094 0.67271 -0.00562516 3.34685
2.33436 -0.00210379 0.655424 -0.0041929 3.38092
2.35608 -0.00199287 0.638584 -0.00414477 3.4148
2.37723 -0.00188783 0.622177 -0.00463836 3.44894
2.39784 -0.0017887 0.606189 -0.00427534 3.48305
2.41792 -0.00169506 0.59061 -0.00374999 3.51724
2.43749 -0.00160638 0.575432 -0.00374854 3.5513
2.45655 -0.00152242 0.560643 -0.00376823 3.58526
2.47512 -0.00144299 0.546233 -0.0035009 3.61959
2.49322 -0.00136778 0.532192 -0.00328056 3.65361
2.51085 -0.00129649 0.518511 -0.00322498 3.68772
2.52802 -0.00122893 0.505181 -0.00312457 3.72192
2.54476 -0.00116489 0.492193 -0.00294792 3.75584
2.56106 -0.00110414 0.479538 -0.00282014 3.78979
2.57695 -0.00104649 0.467207 -0.00273732 3.82405
2.59243 -0.000991762 0.455193 -0.00262819 3.85791
2.6075 -0.0009398 0.443486 -0.00250634 3.89185
2.6222 -0.000890434 0.43208 -0.00240933 3.92585
2.63573 -0.000846059 0.398071 -0.00243559 3.95988
2.65042 -0.000799147 0.432011 -0.00248136 3.99397
2.66626 -0.000749904 0.465948 -0.0024933 4.0281
2.68326 -0.000698525 0.499886 -0.00246689 4.06214
2.70141 -0.000645192 0.533824 -0.00246926 4.09637
2.72071 -0.000590091 0.567762 -0.00248522 4.13043
2.74117 -0.000533418 0.601699 -0.00248014 4.16456
2.76278 -0.00047536 0.635637 -0.0024719 4.19863
2.78555 -0.000416097 0.669575 -0.00247725 4.23279
2.80947 -0.000355819 0.703513 -0.00248214 4.26705
2.83454 -0.000294718 0.73745 -0.00247816 4.3009
2.86077 -0.000232975 0.771388 -0.00247421 4.33492
2.88788 -0.000157572 0.797209 0.113763 4.36895
2.91555 4.91857e-05 0.813303 0.401678 4.40287
2.94376 0.000649706 0.829854 0.64951 4.43691
2.97253 0.0018996 0.846692 0.80758 4.47091
3.00181 0.00399474 0.863158 1.01428 4.50489
3.03156 0.00717375 0.879567 1.26079 4.53895
3.06169 0.0117172 0.895911 1.46715 4.57301
3.09212 0.0178843 0.912642 1.66026 4.60704
3.12268 0.0259194 0.929208 1.88135 4.64109
3.1532 0.0360858 0.945752 2.10127 4.67541
3.18387 0.0487799 0.977193 2.10743 4.70948
3.2141 0.0639304 0.99766 2.15618 4.74359
3.24314 0.0812425 1.00039 2.10336 4.77757
3.27088 0.100577 1.004 1.9132 4.81172
3.2973 0.121683 1.00845 1.80637 4.84579
3.32237 0.144377 1.014 1.76316 4.8798
3.34605 0.168529 1.01783 1.67418 4.91387
3.36833 0.19399 1.0214 1.566 4.94792
3.3891 0.220401 1.02239 1.57698 4.98191
3.4082 0.247685 1.02221 1.6452 5.01595
3.42485 0.275046 0.995656 1.62171 5.05011
3.43899 0.302451 0.994968 1.49441 5.0842
3.45152 0.330605 0.995075 1.38287 5.11844
3.46303 0.359413 0.995441 1.2837 5.15264
3.47418 0.388781 0.995797 1.19569 5.18664
3.48524 0.418622 0.996465 1.1244 5.22073
3.49596 0.449285 0.999734 1.10761 5.25493
3.50647 0.479617 0.989601 1.0714 5.28882
3.51597 0.509851 0.989253 1.02745 5.3229
3.52428 0.540279 0.978542 0.989514 5.35697
3.5315 0.570891 0.988876 0.947058 5.39088
3.5377 0.601517 0.9888 0.906305 5.42491
3.54289 0.632253 0.989275 0.853968 5.45899
3.54671 0.664636 1.02113 0.786028 5.49304
3.5498 0.697039 1.03982 0.731697 5.52702
3.5522 0.729061 1.01206 0.673502 5.56112
3.5538 0.760893 1.01155 0.621137 5.59497
3.55445 0.792627 0.992323 0.585562 5.6291
3.55417 0.824507 1.0095 0.595708 5.66316
3.55361 0.855918 0.999231 0.589186 5.69715
3.55245 0.887113 0.991876 0.55815 5.73111
3.55065 0.917987 0.991156 0.50727 5.76532
3.5482 0.948835 0.992096 0.450126 5.79947
3.54508 0.979938 1.00019 0.387086 5.83354
3.54141 1.01112 0.994881 0.331543 5.86768
3.53711 1.04258 0.998937 0.275449 5.90167
3.53214 1.07468 1.01058 0.238076 5.93579
3.52662 1.10771 1.02244 0.197319 5.96979
3.52074 1.14087 1.02474 0.138297 6.00396
3.51462 1.17406 1.02209 0.105133 6.03815
3.50828 1.20721 1.0223 0.117372 6.0721
3.50163 1.24034 1.02399 0.116923 6.10609
3.49459 1.27345 1.02431 0.109406 6.14017
3.48706 1.30647 1.02683 0.0718054 6.17441
3.47911 1.33945 1.02298 0.0460796 6.20836
3.4711 1.3725 1.02079 0.0870064 6.2425
3.46298 1.40554 1.01754 0.123423 6.27654
3.45473 1.43854 1.01452 0.0918633 6.31063
3.44637 1.47152 1.01189 0.0696648 6.34474
3.43792 1.50448 1.00947 0.0796521 6.37887
3.42939 1.53742 1.00721 0.0853188 6.41272
3.42077 1.57034 1.00538 0.0708945 6.44679
3.41207 1.60323 1.00379 0.0614116 6.48092
3.40329 1.6361 1.00239 0.063634 6.51501
3.39445 1.66896 1.00118 0.0659732 6.54903
3.38554 1.7018 1.00036 0.0449377 6.58297
3.37658 1.73462 1.00036 0.0387453 6.61695
3.36757 1.76743 1.00034 0.0523948 6.65109
3.35851 1.80022 1.00035 0.0524377 6.68517
3.3494 1.833 1.00037 0.0430119 6.71919
3.34023 1.86577 1.0007 0.0355827 6.75352
3.33102 1.89852 1.00066 0.0381167 6.78751
3.32177 1.93126 1.00062 0.0395188 6.82142
3.31232 1.9637 0.992228 1.26328 6.85558
3.3017 1.99516 0.974503 2.1985 6.88965
3.28897 2.02577 0.977588 1.38679 6.92367
3.27479 2.05581 0.97773 0.446755 6.95776
3.26031 2.08512 0.946089 0.533137 6.99195
3.24579 2.1132 0.927226 0.808031 7.02582
3.23122 2.13976 0.903038 0.688953 7.05989
3.21645 2.16516 0.87867 0.557074 7.09378
3.20161 2.18959 0.854706 0.430979 7.12789
3.18685 2.21313 0.830788 0.306632 7.16188
3.17228 2.23583 0.806888 0.183328 7.19611
3.15802 2.25776 0.782988 0.0606976 7.2301
3.14416 2.27897 0.759075 -0.0617418 7.26411
3.13079 2.29953 0.731233 -0.182198 7.29824
3.11798 2.31951 0.710293 -0.314111 7.33237
3.1058 2.33894 0.686389 -0.435748 7.36671
3.09436 2.3578 0.662593 -0.557581 7.40072
3.08366 2.37622 0.635726 -0.672915 7.43483
3.07356 2.39455 0.622405 -0.78688 7.469
3.06408 2.41289 0.608696 -0.859365 7.50282
3.05532 2.43107 0.593348 -0.812024 7.53691
3.04728 2.44901 0.578119 -0.727731 7.57097
3.03989 2.46667 0.563035 -0.712261 7.6049
3.03311 2.48404 0.548528 -0.709926 7.639
3.0269 2.50111 0.534218 -0.668678 7.67291
3.02124 2.51788 0.52041 -0.628752 7.70697
3.01608 2.53432 0.506923 -0.612925 7.74106
3.01138 2.55044 0.493804 -0.59433 7.77506
3.00712 2.56623 0.48099 -0.564508 7.8091
3.00327 2.58169 0.468515 -0.540114 7.84309
2.99979 2.59681 0.456392 -0.5231 7.87722
2.99667 2.6116 0.44457 -0.503199 7.91146
2.99387 2.62606 0.433041 -0.481454 7.94553
2.99151 2.63942 0.399012 -0.485891 7.97965
2.9892 2.65396 0.432973 -0.496777 8.01377
2.98697 2.66964 0.464765 -0.504255 8.048
2.98489 2.68645 0.498544 -0.538566 8.0818
2.98299 2.70445 0.534185 -0.520057 8.11603
2.98131 2.72365 0.568415 -0.504714 8.14999
2.97988 2.74407 0.602526 -0.496058 8.18402
2.97873 2.76567 0.636562 -0.491384 8.21805
2.97791 2.78845 0.670544 -0.489103 8.25217
2.97745 2.8124 0.704504 -0.487872 8.28607
2.97739 2.83751 0.738459 -0.486803 8.32027
2.97776 2.86377 0.77241 -0.486077 8.35439
2.9786 2.89119 0.806212 -0.485766 8.38852
2.97996 2.91965 0.834851 -0.523416 8.42276
2.98189 2.94903 0.856935 -0.637183 8.45682
2.98454 2.97914 0.87608 -0.796459 8.49093
2.98811 3.00985 0.894903 -0.984881 8.52495
2.9928 3.04104 0.913409 -1.18895 8.55902
2.99888 3.0726 0.929596 -1.40475 8.59286
3.0066 3.10437 0.943832 -1.63895 8.62705
3.01632 3.13631 0.960694 -1.82049 8.66107
3.02816 3.1681 0.982065 -2.00725 8.695
3.04229 3.19927 1.00177 -2.27536 8.72892
3.0587 3.22915 1.00474 -2.20867 8.76302
3.07728 3.25771 1.00783 -1.91692 8.79702
3.09768 3.28497 1.01135 -1.83376 8.83121
3.11974 3.31089 1.01751 -1.8362 8.86507
3.14337 3.33538 1.02471 -1.71996 8.89916
3.16838 3.35846 1.02804 -1.58987 8.93327
3.19446 3.38008 1.02755 -1.47946 8.96749
3.22154 3.40028 1.02853 -1.34674 9.00145
3.24937 3.41911 1.04046 -1.21503 9.03567
3.2773 3.43629 1.00115 -1.13796 9.0698
3.3046 3.45091 0.999481 -1.18512 9.10388
3.33251 3.46427 0.999591 -1.19585 9.13789
3.36124 3.47724 1.00251 -1.1934 9.17199
3.39015 3.48916 1.00345 -1.17874 9.20592
3.41954 3.501 1.00625 -1.16048 9.23993
3.4493 3.5126 1.00972 -1.14668 9.27383
3.47943 3.52392 1.0065 -1.12304 9.30785
3.50987 3.53483 1.00717 -1.09471 9.34199
3.54082 3.54407 1.01103 -1.07259 9.37612
3.57115 3.55034 0.967012 -1.0856 9.41005
3.60098 3.55622 0.969331 -1.10273 9.44431
3.63043 3.56226 0.963419 -1.12081 9.47846
3.6597 3.56722 0.957585 -1.13845 9.51235
3.6888 3.57093 0.951561 -1.15617 9.54646
3.71765 3.57336 0.945005 -1.17418 9.5805
3.74649 3.57447 0.941293 -1.1491 9.61465
3.77791 3.57336 1.05897 -1.10653 9.64889
3.81096 3.57034 1.06401 -1.09921 9.68271
3.84382 3.56627 1.06887 -1.09112 9.7168
3.8756 3.56158 1.03099 -0.989675 9.75096
3.9066 3.55572 1.02041 -0.836841 9.7853
3.93636 3.54825 0.961951 -0.75957 9.8194
3.96587 3.5392 1.00344 -0.705214 9.85376
3.99493 3.52993 1.00167 -0.619511 9.88776
4.02398 3.52032 0.984928 -0.487793 9.92194
4.05316 3.50982 0.99452 -0.361549 9.956
4.08246 3.49881 1.0041 -0.235186 9.99
4.11182 3.48759 1.00342 -0.112453 10.0241
4.14138 3.47608 1.00971 -0.000223619 10.058
4.17191 3.46324 1.01985 0.0338255 10.092
4.20272 3.45051 1.02136 0.0134265 10.126
4.23352 3.43771 1.01697 0.0119727 10.1601
4.26433 3.42493 1.01461 0.03179 10.194
4.29523 3.41214 1.01317 0.0611055 10.2282
4.32621 3.3994 1.01093 0.101113 10.2621
4.35735 3.38672 1.00827 0.146055 10.2962
4.38868 3.37414 1.00976 0.206923 10.3303
4.42027 3.36172 1.01066 0.284796 10.3645
4.45205 3.34958 1.00633 0.298648 10.3986
4.48395 3.33776 1.00382 0.268036 10.4327
4.51596 3.32623 1.00192 0.268841 10.467
4.54807 3.315 1.0004 0.270659 10.5009
4.58027 3.30406 1.00004 0.247067 10.535
4.61257 3.29339 1.00012 0.22804 10.5688
4.64495 3.28297 1.00014 0.224043 10.6029
4.67741 3.27279 1.00016 0.216078 10.6369
4.70994 3.26286 1.00049 0.202893 10.671
4.74254 3.25314 1.00047 0.192581 10.7049
4.77521 3.24365 1.00045 0.184729 10.7391
4.80793 3.23435 1.00043 0.176586 10.7731
4.8407 3.22525 1.00041 0.168363 10.8071
4.87353 3.21634 1.00039 0.160877 10.8411
4.90638 3.20759 0.999815 0.162683 10.8754
4.93726 3.19886 0.943315 -1.04318 10.9096
4.96797 3.18958 0.975935 -1.78893 10.9437
4.99987 3.17809 0.990006 -1.68732 10.9779
5.03149 3.16473 0.961476 -1.19781 11.012
5.06148 3.15039 0.947606 -0.335595 11.0459
5.09026 3.13613 0.947519 -0.247151 11.0799
5.11819 3.12195 0.921683 -0.519723 11.1139
5.14512 3.10773 0.894967 -0.309861 11.1479
5.17114 3.09365 0.87018 -0.0098551 11.182
5.19641 3.07994 0.845536 0.00499305 11.216
5.22092 3.06665 0.819984 0.0363574 11.2501
5.2447 3.05381 0.794559 0.221151 11.2841
5.26781 3.04154 0.769554 0.362434 11.3182
5.29031 3.02995 0.744332 0.427329 11.3523
5.3122 3.01908 0.718954 0.530314 11.3863
5.3335 3.00898 0.693429 0.664627 11.4204
5.35422 2.99971 0.667741 0.7679 11.4545
5.37437 2.99132 0.641884 0.856876 11.4889
5.39403 2.98379 0.619205 0.91198 11.5229
5.4134 2.97704 0.603288 0.850532 11.5569
5.43246 2.97101 0.587944 0.77085 11.591
5.45118 2.96562 0.572846 0.760661 11.625
5.46954 2.96084 0.558065 0.751255 11.6589
5.48754 2.95664 0.543809 0.705283 11.6929
5.50518 2.95297 0.529835 0.667294 11.727
5.52244 2.94979 0.516175 0.650748 11.7609
5.53932 2.94706 0.502899 0.628198 11.7949
5.55581 2.94475 0.489977 0.596792 11.829
5.57193 2.94282 0.477362 0.572506 11.8632
5.58766 2.94126 0.465063 0.553988 11.8971
5.60302 2.94002 0.453092 0.532205 11.9313
5.618 2.93908 0.441429 0.50936 11.9654
5.6326 2.93842 0.430057 0.490232 11.9994
5.64607 2.93803 0.396041 0.495123 12.0335
5.66068 2.93786 0.429961 0.504586 12.0677
5.67646 2.93795 0.463907 0.499404 12.1017
5.69338 2.93834 0.497852 0.495449 12.1359
5.71145 2.93906 0.531783 0.499339 12.1699
5.73065 2.94016 0.565717 0.500412 12.2039
5.75098 2.94167 0.59966 0.497735 12.2378
5.77243 2.94363 0.633597 0.497735 12.272
5.795 2.94608 0.667532 0.499325 12.306
5.81866 2.94906 0.70147 0.498924 12.34
5.84341 2.95261 0.735409 0.497918 12.374
5.86924 2.95676 0.769344 0.49824 12.408
5.89612 2.96155 0.803281 0.498796 12.4423
5.92406 2.96703 0.837219 0.498477 12.4764
5.95269 2.97316 0.860877 0.645306 12.5105
5.98171 2.98008 0.877084 0.940373 12.5446
6.0111 2.98807 0.895648 1.13863 12.5786
6.0407 2.99738 0.912561 1.28887 12.6128
6.07047 3.00822 0.931729 1.48509 12.6467
6.10023 3.0208 0.950256 1.68522 12.681
6.1298 3.03537 0.969315 1.85559 12.7149
6.15896 3.05211 0.988814 2.02511 12.7489
6.18707 3.07092 0.994545 1.98373 12.783
6.21386 3.09157 0.994964 1.78397 12.8169
6.23936 3.11383 0.995166 1.6899 12.8512
6.26352 3.13752 0.995925 1.66003 12.8852
6.28631 3.16252 0.999687 1.56759 12.9191
6.30773 3.18871 1.00427 1.46462 12.9532
6.32783 3.21593 1.00851 1.40193 12.9875
6.34647 3.24412 1.01155 1.33643 13.0215
6.36396 3.27303 1.01248 1.22911 13.0557
6.38032 3.30259 1.00897 1.15425 13.0896
6.39553 3.33278 1.00594 1.11443 13.1237
6.4095 3.36357 1.00862 1.06596 13.1578
6.42303 3.39454 0.999652 0.989252 13.1918
6.437 3.42405 0.99644 0.999245 13.2258
6.44988 3.45407 1.00422 0.9998 13.2598
6.46187 3.48435 1.00163 0.996437 13.2939
6.47299 3.51477 1.00306 0.989152 13.328
6.48314 3.54544 1.00536 0.978972 13.362
6.49233 3.57618 1.00959 0.962263 13.396
6.50049 3.60711 1.01149 0.938972 13.43
6.50739 3.63825 0.982339 0.92527 13.4641
6.51303 3.66961 0.978493 0.942572 13.4983
6.51801 3.69949 0.964103 0.959723 13.5324
6.52211 3.72886 0.959329 0.977832 13.5666
6.52512 3.75804 0.953899 0.995781 13.6007
6.52709 3.78696 0.947968 1.01385 13.6348
6.52794 3.81575 0.941926 1.033 13.6688
6.52769 3.84444 1.01009 1.01004 13.7029
6.52554 3.87726 1.05515 0.999115 13.7368
6.52239 3.90928 1.05914 0.990707 13.7708
6.51787 3.9414 1.06314 0.981923 13.8049
6.51224 3.97328 1.06414 0.972484 13.8389
6.50556 4.00448 1.04348 0.897783 13.8729
6.49822 4.03316 0.970557 0.84462 13.9069
6.4901 4.06246 0.971036 0.861071 13.941
6.48125 4.09126 0.966317 0.876794 13.9751
6.47167 4.11872 0.924185 0.799049 14.0091
6.46101 4.14597 0.981129 0.670296 14.0433
6.44933 4.17316 0.978979 0.472224 14.0774
6.43665 4.20101 1.00081 0.283783 14.1114
6.42337 4.22907 0.999432 0.0760228 14.1455
6.40962 4.25745 1.00805 -0.10052 14.1798
6.39514 4.28701 1.01527 -0.233624 14.2138
6.38039 4.31703 1.02725 -0.390096 14.2478
6.36548 4.34756 1.03092 -0.532807 14.282
6.35095 4.37836 1.02901 -0.482333 14.3159
6.33693 4.40939 1.02649 -0.40914 14.3499
6.32334 4.44062 1.02313 -0.432819 14.3839
6.3102 4.47204 1.02045 -0.43132 14.418
6.29752 4.50365 1.01662 -0.383786 14.4521
6.28525 4.53544 1.01168 -0.360377 14.486
6.2734 4.56731 1.00799 -0.378912 14.52
6.26196 4.59932 1.0062 -0.381229 14.5542
6.25092 4.63146 1.00438 -0.340729 14.5882
6.24027 4.66375 1.00161 -0.31883 14.6222
6.22995 4.69615 1.0009 -0.303636 14.6564
6.21997 4.72866 1.0009 -0.288567 14.6904
6.21031 4.76126 1.00089 -0.273596 14.7245
6.20094 4.79395 1.0013 -0.259838 14.7586
6.19186 4.82675 1.00093 -0.233884 14.7928
6.18305 4.85961 1.00122 -0.22821 14.8269
6.17448 4.89254 1.00113 -0.222064 14.8663
6.16726 4.92056 0.948839 0.725086 14.899
6.15877 4.95073 0.965365 1.09208 14.9322
6.1487 4.98218 0.9738 1.10426 14.9656
6.13725 5.01403 0.986674 0.89955 14.9993
6.12499 5.04511 0.971568 0.659859 15.033
6.11248 5.07484 0.936084 0.415908 15.067
6.10003 5.10333 0.910281 0.172726 15.1009
6.08779 5.13085 0.885667 0.0585108 15.1349
6.07586 5.15753 0.859786 0.0218919 15.1689
6.06427 5.18341 0.8339 -0.0863784 15.2029
6.05311 5.20854 0.808424 -0.224046 15.2368
6.04249 5.23295 0.782944 -0.316132 15.2709
6.03247 5.25666 0.757221 -0.400361 15.3049
6.02311 5.2797 0.731566 -0.51089 15.3389
6.01446 5.30209 0.705835 -0.618989 15.3729
6.00658 5.32382 0.679923 -0.710275 15.4068
5.99947 5.34499 0.657029 -0.755721 15.4408
5.99306 5.36579 0.640092 -0.699702 15.4748
5.9873 5.3862 0.623499 -0.634822 15.5089
5.98213 5.40619 0.60739 -0.628621 15.543
5.9775 5.42577 0.591757 -0.619409 15.5771
5.97339 5.44494 0.576474 -0.579746 15.6113
5.96975 5.46368 0.561557 -0.549271 15.6453
5.96655 5.482 0.547054 -0.536378 15.6795
5.96375 5.49991 0.53293 -0.516905 15.7135
5.96134 5.51739 0.51915 -0.490175 15.7477
5.95927 5.53446 0.505726 -0.470189 15.7817
5.95751 5.55112 0.492669 -0.454985 15.8159
5.95606 5.56738 0.479949 -0.436794 15.8498
5.95487 5.58323 0.467537 -0.417785 15.8839
5.95394 5.59869 0.455445 -0.401878 15.9178
