5.79442e-05 -9.90711e-07 -6.11072e-06 -1.59491e-07 0.403378
5.76031e-05 -9.90962e-07 -6.06836e-06 -1.67402e-07 0.403503
5.73133e-05 -9.9121e-07 -6.70238e-06 -1.58436e-07 0.403537
5.70869e-05 -9.91434e-07 -2.00837e-06 -1.21047e-07 0.403572
5.69644e-05 -9.91667e-07 2.19526e-06 -7.22036e-08 0.403602
5.69472e-05 -9.91779e-07 2.01999e-06 -6.82433e-08 0.403653
5.70329e-05 -9.91881e-07 6.63738e-06 -3.00643e-08 0.403685
5.72261e-05 -9.92026e-07 1.09909e-05 1.48845e-08 0.403716
5.74727e-05 -9.92061e-07 1.05941e-05 7.87763e-09 0.403822
5.77468e-05 -9.92189e-07 1.22183e-05 2.49897e-08 0.403846
5.79987e-05 -9.92184e-07 9.16097e-06 -1.14772e-08 0.422541
0.0012675 -8.776e-07 0.0356358 0.0176901 0.456611
0.00363159 5.52217e-07 0.0691978 0.0226891 0.490536
0.00715138 5.2711e-06 0.103231 0.0117363 0.524614
0.0118271 1.36224e-05 0.137227 0.0117113 0.558615
0.0176579 2.65623e-05 0.171205 0.0177212 0.592765
0.0246441 4.60465e-05 0.205195 0.0162491 0.626783
0.0327859 7.30946e-05 0.239186 0.0133594 0.660825
0.0420832 0.000108502 0.27317 0.0148476 0.694937
0.0525358 0.000153586 0.307153 0.0160679 0.728978
0.0641439 0.000209939 0.34114 0.0149541 0.763167
0.0769075 0.000278426 0.375126 0.0145611 0.797303
0.0908265 0.000360066 0.40911 0.0152718 0.831531
0.105901 0.000456302 0.443096 0.0153193 0.86564
0.122131 0.000568369 0.477082 0.0149226 0.899705
0.139516 0.000697285 0.511068 0.014994 0.933678
0.158057 0.000844252 0.545053 0.0151919 0.967722
0.177753 0.00101056 0.579039 0.0151039 1.00166
0.198604 0.00119735 0.613025 0.0150233 1.03586
0.220611 0.00140579 0.647011 0.0151009 1.06982
0.243773 0.0016371 0.680997 0.0151279 1.10394
0.26809 0.0018914 0.715024 0.0152969 1.13774
0.293561 0.00217051 0.749384 0.0163851 1.17172
0.320188 0.00248026 0.783802 0.0143905 1.20604
0.347969 0.00281752 0.818238 0.0130967 1.24045
0.376906 0.00318023 0.852691 0.0152925 1.27475
0.406923 0.00357668 0.884921 0.0484463 1.30883
0.437489 0.0040768 0.90125 0.313576 1.3426
0.468586 0.00494994 0.917611 0.626874 1.37655
0.500288 0.00649624 0.936566 0.758683 1.41073
0.53268 0.00888836 0.959137 0.847775 1.44455
0.565682 0.0122823 0.981081 1.04434 1.47873
0.599175 0.0169772 1.00148 1.25786 1.5126
0.63252 0.0230955 1.0054 1.13527 1.5466
0.66554 0.0304676 1.00443 0.925211 1.58067
0.6984 0.0389046 1.00808 0.851863 1.61476
0.730936 0.0482825 1.00497 0.970436 1.64871
0.763057 0.0586666 1.00966 1.05185 1.68271
0.794534 0.0701466 1.00922 1.04868 1.7167
0.825415 0.0826749 1.00892 1.01093 1.75073
0.855809 0.0962423 1.00914 0.967377 1.78491
0.885747 0.110808 1.00949 0.927156 1.8192
0.91523 0.126321 1.0098 0.891832 1.85336
0.944243 0.142734 1.00999 0.85896 1.8875
0.972775 0.159999 1.00981 0.82734 1.92161
1.00082 0.178066 1.00956 0.795554 1.95563
1.02838 0.196895 1.00927 0.76268 1.98971
1.05545 0.216443 1.00893 0.730701 2.0238
1.08204 0.236669 1.00576 0.705379 2.05772
1.10812 0.257509 1.00647 0.691546 2.09173
1.13368 0.278942 1.00642 0.682995 2.12585
1.15871 0.300955 1.00478 0.665448 2.15993
1.18324 0.323528 1.00756 0.626117 2.19415
1.20731 0.346646 1.0066 0.575618 2.22828
1.231 0.370308 1.00413 0.526594 2.26237
1.25432 0.394449 1.00318 0.478417 2.29654
1.27731 0.419029 1.00384 0.439466 2.33061
1.29998 0.444012 1.00465 0.402811 2.36457
1.32238 0.469363 1.00637 0.364031 2.39867
1.34436 0.494925 0.983946 0.640587 2.43261
1.36475 0.519733 0.939758 0.828479 2.46666
1.3835 0.543909 0.901723 0.9326 2.50062
1.40068 0.56761 0.864281 0.952461 2.53462
1.41644 0.590842 0.829861 0.947211 2.5686
1.43083 0.6136 0.794405 0.941324 2.60283
1.44392 0.635822 0.760192 0.938802 2.63687
1.45575 0.657456 0.725475 0.928286 2.6711
1.46638 0.678454 0.691074 0.909716 2.70525
1.47585 0.69868 0.66008 0.935756 2.73935
1.48424 0.718172 0.624583 0.926115 2.77354
1.49158 0.73684 0.590763 0.917125 2.8076
1.49796 0.754657 0.556904 0.911921 2.84164
1.50344 0.771577 0.523177 0.905535 2.87564
1.50807 0.787561 0.489289 0.901609 2.90967
1.51194 0.80257 0.455347 0.897983 2.94835
1.51509 0.816569 0.42138 0.896214 2.98135
1.51761 0.829526 0.387391 0.895323 3.01494
1.51954 0.841412 0.353395 0.894731 3.04834
1.52097 0.852208 0.319397 0.894227 3.08231
1.52195 0.861892 0.285397 0.893812 3.11599
1.52257 0.870448 0.251394 0.893534 3.14996
1.52288 0.877865 0.217388 0.893407 3.1838
1.52296 0.884131 0.183379 0.893399 3.21783
1.52287 0.889228 0.14873 0.896802 3.25176
1.5227 0.893153 0.113955 0.906796 3.28579
1.5225 0.895897 0.0800099 0.915112 3.31972
1.52234 0.89747 0.046709 0.919583 3.35383
1.52231 0.897886 0.0127905 0.919616 3.3881
1.52247 0.897167 -0.0210801 0.915339 3.42242
1.52289 0.895333 -0.0551064 0.909975 3.45634
1.52363 0.89241 -0.0891173 0.90247 3.49044
1.52477 0.8884 -0.123017 0.898798 3.5246
1.52637 0.883319 -0.157045 0.907092 3.55855
1.52851 0.877192 -0.191053 0.910095 3.59265
1.53125 0.870053 -0.225051 0.90475 3.62682
1.53465 0.861934 -0.259071 0.90438 3.66074
1.53877 0.852869 -0.293081 0.907459 3.69486
1.54368 0.842896 -0.32709 0.906885 3.72881
1.54943 0.832056 -0.361098 0.905326 3.76299
1.55608 0.820389 -0.395112 0.907713 3.7971
1.56369 0.807952 -0.428807 0.903753 3.83125
1.57204 0.795155 -0.440191 0.687193 3.86532
1.58093 0.78217 -0.460776 0.367935 3.89941
1.59026 0.768854 -0.478183 0.1423 3.9335
1.59998 0.755108 -0.495084 -0.012172 3.96756
1.60978 0.741239 -0.499443 -0.0424482 4.00169
1.61957 0.727358 -0.499589 0.0180343 4.03561
1.62936 0.71348 -0.499625 0.019384 4.06966
1.63916 0.699606 -0.499597 -0.0149253 4.10368
1.64896 0.685728 -0.499647 -0.0069041 4.13762
1.65876 0.671848 -0.499713 0.0102036 4.17169
1.66856 0.657968 -0.499731 0.00128991 4.20575
1.67836 0.644089 -0.499753 -0.00603819 4.23986
1.68816 0.630207 -0.499791 0.000830446 4.27377
1.69796 0.616325 -0.49984 0.00314027 4.30784
1.70776 0.602443 -0.499872 -0.00130268 4.34209
1.71757 0.588559 -0.499897 -0.00145232 4.37611
1.72737 0.574675 -0.499936 0.00107052 4.41036
1.73718 0.560789 -0.499975 0.000513684 4.44444
1.74698 0.546904 -0.500006 -0.00074131 4.47852
1.75679 0.533017 -0.500039 -9.16263e-05 4.51252
1.7666 0.519129 -0.500076 0.000459237 4.54661
1.77641 0.50524 -0.500111 -2.52632e-05 4.58073
1.78622 0.491351 -0.500144 -0.000187046 4.61465
1.79603 0.477461 -0.500179 0.0001494 4.64876
1.80584 0.46357 -0.500215 0.000180737 4.68271
1.81565 0.449678 -0.500249 1.35087e-05 4.71681
1.82547 0.435785 -0.500283 6.86804e-05 4.75088
1.83528 0.421891 -0.500318 0.00017661 4.78492
1.8451 0.407997 -0.500353 0.000145393 4.81901
1.85491 0.394101 -0.500388 0.000121738 4.85312
1.86473 0.380205 -0.500422 0.000176401 4.88723
1.87455 0.366308 -0.500457 0.000207005 4.92132
1.88436 0.35241 -0.500491 0.000199173 4.95545
1.89418 0.338511 -0.500526 0.000212218 4.98961
1.904 0.324611 -0.500561 0.000238363 5.02364
1.91382 0.310711 -0.500595 0.000249563 5.05753
1.92365 0.296809 -0.50063 0.000258976 5.0916
1.93347 0.282907 -0.500664 0.000277026 5.12556
1.94329 0.269003 -0.500699 0.000292236 5.15967
1.95311 0.255099 -0.500734 0.000300038 5.19365
1.96294 0.241194 -0.500768 0.000307369 5.22769
1.97202 0.228354 -0.46236 0.0622006 5.26173
1.98046 0.216473 -0.428688 0.0796638 5.29584
1.98825 0.205553 -0.394744 0.040544 5.32983
1.99539 0.195582 -0.360659 0.0408439 5.36399
2.00188 0.186559 -0.326761 0.0627066 5.39819
2.0077 0.178485 -0.292895 0.056972 5.43242
2.01287 0.171356 -0.258916 0.0462388 5.46654
2.01736 0.165169 -0.224948 0.0522298 5.5006
2.02119 0.159922 -0.191042 0.0567379 5.53471
2.02435 0.155614 -0.157103 0.0522571 5.56868
2.02683 0.15224 -0.123155 0.0509158 5.60286
2.02863 0.1498 -0.0892203 0.0537948 5.63673
2.02975 0.14829 -0.0551963 0.0552531 5.67077
2.03018 0.14771 -0.0212512 0.0560639 5.70481
2.02992 0.148056 0.0127539 0.0516691 5.73895
2.02898 0.149334 0.0464125 0.052833 5.77303
2.02734 0.151558 0.0777995 0.053366 5.80723
2.02507 0.154755 0.112822 0.0574687 5.84136
2.02204 0.158867 0.146786 0.0718313 5.87534
2.01827 0.163873 0.182654 0.0758193 5.90942
2.01379 0.169716 0.22271 0.0594956 5.9434
2.01006 0.176362 0.24945 0.046772 5.9774
2.00654 0.18309 0.283124 0.0499306 6.01162
2.00237 0.189924 0.315074 0.0511243 6.04567
1.99751 0.197362 0.352033 0.0389804 6.07966
1.99248 0.204729 0.379785 0.0279943 6.11366
1.98687 0.21332 0.421694 0.034588 6.14771
1.98092 0.222132 0.456888 0.0581969 6.18158
1.97461 0.231455 0.474302 0.0825409 6.21574
1.96795 0.2412 0.504144 0.110017 6.24974
1.96113 0.251701 0.550908 0.132599 6.28385
1.95414 0.262478 0.509869 0.114654 6.31799
1.94607 0.274321 0.627724 0.0817833 6.35208
1.93799 0.286148 0.561732 0.0640822 6.38628
1.92892 0.299178 0.679393 0.0295163 6.42043
1.92007 0.312146 0.609094 0.0112445 6.45446
1.91007 0.326613 0.734121 0.0088013 6.48849
1.90014 0.341271 0.685853 0.0339989 6.52266
1.88987 0.356282 0.775892 0.0717214 6.55663
1.87943 0.370785 0.687256 0.0920893 6.5908
1.86957 0.384892 0.750013 0.126808 6.6248
1.86025 0.398269 0.640167 0.144044 6.65888
1.85112 0.411684 0.729444 0.0864522 6.6929
1.84023 0.426733 0.695311 0.0560132 6.72694
1.8294 0.441702 0.705328 0.0342594 6.76104
1.81909 0.45626 0.669236 0.017939 6.79517
1.80915 0.471004 0.623749 0.0040521 6.82939
1.80004 0.485098 0.551154 -0.0754871 6.86337
1.79208 0.498222 0.470012 -0.0753987 6.89771
1.78532 0.512059 0.461597 -0.0881801 6.93162
1.77868 0.525708 0.430279 -0.160874 6.96563
1.77216 0.538439 0.409054 -0.265307 6.99958
1.76533 0.549269 0.366585 -0.34707 7.03356
1.75814 0.558416 0.33696 -0.579301 7.06757
1.75171 0.566706 0.304074 -0.656361 7.10161
1.74629 0.574193 0.268773 -0.566783 7.13558
1.74154 0.580823 0.236583 -0.539339 7.16966
1.73755 0.586583 0.204419 -0.564785 7.20369
1.7343 0.59145 0.172847 -0.568436 7.23789
1.73177 0.595419 0.138879 -0.552749 7.27185
1.72993 0.598455 0.104802 -0.555245 7.30614
1.72873 0.600461 0.0672336 -0.585731 7.34033
1.72815 0.601459 0.0346756 -0.605914 7.37441
1.72809 0.601417 0.00188645 -0.593964 7.40854
1.72858 0.600389 -0.031859 -0.573655 7.44257
1.72953 0.598348 -0.065637 -0.562493 7.47668
1.7309 0.595256 -0.0995171 -0.556482 7.51063
1.73267 0.591087 -0.133458 -0.553253 7.54461
1.73479 0.585822 -0.167429 -0.551554 7.57872
1.73723 0.579442 -0.201418 -0.550699 7.61272
1.73995 0.571909 -0.23661 -0.560865 7.64685
1.7429 0.563217 -0.271801 -0.574136 7.6808
1.74606 0.553336 -0.304243 -0.583437 7.71488
1.74936 0.542274 -0.340435 -0.587567 7.74916
1.75274 0.530033 -0.374447 -0.586432 7.78308
1.75618 0.516616 -0.405794 -0.581549 7.81735
1.75961 0.502025 -0.442243 -0.571526 7.85154
1.76297 0.486399 -0.464694 -0.49714 7.88554
1.76624 0.469902 -0.488754 -0.345668 7.91955
1.76948 0.45265 -0.507305 -0.160333 7.95366
1.77257 0.435777 -0.496496 -0.0153955 7.98764
1.77562 0.419116 -0.498413 0.0585134 8.02165
1.7787 0.402453 -0.498708 -0.0115571 8.05562
1.78178 0.385786 -0.498394 -0.0318757 8.08962
1.78484 0.369117 -0.498403 0.0133281 8.12364
1.78791 0.352448 -0.49866 0.0118817 8.1577
1.79099 0.335779 -0.498622 -0.0124665 8.19176
1.79406 0.319108 -0.498547 -0.00499681 8.22595
1.79713 0.302435 -0.498627 0.00696453 8.26005
1.80021 0.285762 -0.498691 -2.27309e-05 8.29417
1.80328 0.269087 -0.498687 -0.00476194 8.32843
1.80635 0.252412 -0.498719 0.000540906 8.36249
1.80942 0.235735 -0.498765 0.00202461 8.39663
1.81249 0.219057 -0.498794 -0.00116381 8.43073
1.81535 0.203522 -0.464583 -5.24379e-05 8.46462
1.81801 0.189123 -0.430652 0.0020847 8.49867
1.82045 0.175858 -0.396712 0.00102397 8.53259
1.82269 0.163728 -0.362772 0.000181146 8.5667
1.82471 0.152733 -0.328835 0.0010666 8.60079
1.82653 0.142873 -0.294898 0.00137617 8.63493
1.82814 0.134148 -0.260959 0.000845287 8.66889
1.82954 0.126558 -0.227021 0.000837061 8.70308
1.83073 0.120102 -0.193084 0.00115595 8.73709
1.83171 0.114782 -0.159147 0.00108876 8.77127
1.83249 0.110596 -0.12521 0.000927015 8.80551
1.83305 0.107545 -0.0912726 0.000997465 8.83951
1.83341 0.105628 -0.0573358 0.00105455 8.87366
1.83355 0.104847 -0.0233988 0.000977714 8.90757
1.83349 0.1052 0.010538 0.000935814 8.94162
1.83322 0.106688 0.0444746 0.000954422 8.97564
1.83274 0.10931 0.0784113 0.00093292 9.00992
1.83205 0.113067 0.112348 0.000883055 9.04424
1.83115 0.117959 0.146285 0.000859044 9.07831
1.83004 0.123986 0.180221 0.000841281 9.11236
1.82872 0.131147 0.214158 0.000804175 9.14638
1.82719 0.139443 0.248094 0.000767254 9.18012
1.82545 0.148874 0.282031 0.000739317 9.21426
1.82351 0.159439 0.315968 0.00070763 9.24849
1.82135 0.171139 0.349905 0.000671055 9.28244
1.81898 0.183973 0.383842 0.000637221 9.31654
1.8164 0.197942 0.417779 0.000601531 9.35076
1.81362 0.213046 0.451716 0.000560794 9.38456
1.81062 0.229284 0.485653 0.000523409 9.41863
1.80741 0.246657 0.51959 0.00049083 9.45267
1.80399 0.265164 0.553528 0.000457171 9.48675
1.80037 0.284806 0.587466 0.000426254 9.52074
1.79653 0.305583 0.621404 0.000393118 9.55487
1.79248 0.327494 0.655342 0.000351464 9.58897
1.78864 0.348268 0.621336 0.000355407 9.6233
1.78501 0.367905 0.587331 0.000396306 9.65722
1.78159 0.386406 0.553327 0.000388084 9.69131
1.77838 0.403769 0.519323 0.000369017 9.72545
1.77538 0.419995 0.485318 0.000372631 9.75939
1.77259 0.435084 0.451314 0.000378919 9.79349
1.77001 0.449037 0.417309 0.000376312 9.82768
1.76764 0.461852 0.383304 0.000376469 9.86174
1.76547 0.47353 0.3493 0.000383508 9.89566
1.76352 0.484072 0.315295 0.000387991 9.92963
1.76178 0.493476 0.28129 0.000387225 9.96364
1.76025 0.501744 0.247285 0.000386852 9.99768
1.75893 0.508875 0.21328 0.000388881 10.0317
1.75782 0.514869 0.179275 0.000391203 10.0657
1.75692 0.519726 0.14527 0.000393604 10.0998
1.75623 0.523446 0.111265 0.000397067 10.1337
1.75575 0.526029 0.0772595 0.000401082 10.1677
1.75548 0.527476 0.0432542 0.000404928 10.2018
1.75542 0.527785 0.00924879 0.000408877 10.2361
1.75557 0.526958 -0.0247567 0.000413151 10.2702
1.75594 0.524994 -0.0587622 0.000417492 10.3044
1.75651 0.521893 -0.0927678 0.000421862 10.3384
1.7573 0.517656 -0.126774 0.000426497 10.3724
1.75829 0.512281 -0.160779 0.000431477 10.4067
1.7595 0.50577 -0.194785 0.000436719 10.4406
1.76092 0.498122 -0.228791 0.000442147 10.4746
1.76255 0.489338 -0.262797 0.000447762 10.5087
1.76439 0.479417 -0.296803 0.000453883 10.5427
1.76644 0.468359 -0.330809 0.000461107 10.5767
1.76871 0.456164 -0.364816 0.000468383 10.6108
1.77118 0.442832 -0.398822 0.000472444 10.6448
1.77387 0.428364 -0.432828 0.000473483 10.6788
1.77677 0.41276 -0.466834 0.000477036 10.7129
1.77988 0.396018 -0.500841 0.000484253 10.7471
1.78299 0.379267 -0.501137 -0.000518496 10.7812
1.78611 0.362514 -0.501171 -0.00082097 10.8153
1.78922 0.34576 -0.501206 -0.000181614 10.8494
1.79233 0.329006 -0.50124 -0.000181484 10.8836
1.79545 0.31225 -0.501274 -0.000548781 10.9177
1.79856 0.295493 -0.501308 -0.000460793 10.9517
1.80168 0.278735 -0.501343 -0.000280377 10.986
1.80479 0.261975 -0.501377 -0.000374425 11.0202
1.80791 0.245215 -0.501411 -0.000447805 11.0543
1.81081 0.229598 -0.467209 0.000607907 11.0885
1.8135 0.215115 -0.433271 0.000884156 11.1226
1.81598 0.201767 -0.399332 0.000208506 11.1567
1.81826 0.189553 -0.365394 0.000214288 11.1906
1.82032 0.178474 -0.331457 0.000582709 11.2247
1.82217 0.168529 -0.297519 0.000479385 11.2586
1.8238 0.159721 -0.263176 -0.00231456 11.2926
1.82523 0.152048 -0.229188 0.000398079 11.3267
1.82644 0.145519 -0.196609 0.00123219 11.3608
1.82741 0.140139 -0.166719 0.000680219 11.3949
1.82816 0.135922 -0.141276 0.00194005 11.4289
1.82861 0.132951 -0.111882 -0.0404497 11.463
1.82889 0.131256 -0.0806531 -0.12499 11.4972
1.82799 0.131635 -0.0243725 -0.151709 11.5312
1.82611 0.134221 0.0104292 -0.1008 11.5654
1.82428 0.138028 0.0465621 -0.069721 11.5996
1.82265 0.14294 0.0869717 -0.081885 11.6336
1.821 0.14988 0.125844 -0.0955379 11.6677
1.81975 0.157243 0.138267 -0.0849377 11.7016
1.81866 0.166365 0.154546 -0.0748677 11.7356
1.81788 0.176446 0.229787 -0.0561914 11.7696
1.81694 0.18709 0.247446 -0.0323171 11.8038
1.81587 0.198267 0.35645 -0.0193712 11.8379
1.81453 0.208857 0.313628 -0.00325935 11.8718
1.8131 0.218808 0.297646 0.0157352 11.906
1.81154 0.229282 0.34488 0.0417015 11.9401
1.80967 0.241056 0.39777 0.0684537 11.9743
1.80777 0.252564 0.357089 0.0867625 12.0084
1.80556 0.265327 0.465516 0.120427 12.0426
1.80331 0.278194 0.427406 0.111048 12.0765
1.80098 0.291975 0.445938 0.0884913 12.1106
1.79836 0.307211 0.60529 0.0560628 12.1446
1.79564 0.322721 0.594094 0.0406705 12.1785
1.79296 0.338523 0.573392 0.0247703 12.2126
1.78988 0.354261 0.629672 0.00258652 12.2469
1.78687 0.369374 0.51834 -0.0075826 12.2808
1.78368 0.38472 0.567647 0.0149723 12.3148
1.78049 0.399969 0.513452 0.0214153 12.349
1.77745 0.415338 0.475704 0.0229218 12.3832
1.77455 0.430806 0.449011 0.00663582 12.4171
1.77185 0.446073 0.413584 -0.00480559 12.4512
1.76942 0.460729 0.386981 0.00394204 12.4853
1.76722 0.475212 0.332731 0.0131102 12.5195
1.76524 0.487384 0.299985 0.0379606 12.5536
1.7634 0.498955 0.284827 0.026678 12.5876
1.76187 0.508024 0.226402 -0.0189493 12.6216
1.76057 0.51526 0.194454 -0.0166263 12.6556
1.75947 0.521364 0.161184 0.0154641 12.6897
1.75858 0.52631 0.130934 0.00686417 12.7237
1.75789 0.530105 0.103422 -0.00807848 12.7577
1.75741 0.532758 0.0764382 0.00151424 12.7917
1.75716 0.534291 0.04635 0.00742306 12.8259
1.75709 0.534701 0.0125513 -0.00025571 12.86
1.75722 0.533975 -0.0217343 -0.00125334 12.8939
1.75756 0.532111 -0.0557393 0.00420246 12.928
1.7581 0.529109 -0.0897438 0.00234059 12.9623
1.75885 0.524969 -0.123746 -0.000182265 12.9963
1.7598 0.519691 -0.157756 0.00155983 13.0304
1.76096 0.513275 -0.191765 0.00258511 13.0646
1.76232 0.505721 -0.225769 0.00139235 13.0986
1.76388 0.497029 -0.259775 0.00115603 13.1326
1.76566 0.487199 -0.293782 0.00191638 13.1667
1.76763 0.476231 -0.327787 0.00188385 13.2007
1.76981 0.464126 -0.361792 0.00148683 13.2348
1.7722 0.450883 -0.395797 0.00162112 13.2689
1.77479 0.436501 -0.429802 0.00181976 13.3029
1.77759 0.420982 -0.463807 0.00169689 13.3368
1.78059 0.404326 -0.49781 0.00161372 13.371
1.78359 0.387659 -0.498105 0.000687433 13.4051
1.78659 0.370991 -0.498136 0.000389794 13.4394
1.7896 0.354322 -0.498168 0.000954024 13.4734
1.7926 0.337652 -0.4982 0.000945209 13.5075
1.7956 0.320981 -0.498231 0.000591501 13.5416
1.79861 0.304309 -0.498262 0.000642588 13.5756
1.80161 0.287636 -0.498294 0.000783418 13.6097
1.80461 0.270962 -0.498325 0.000675711 13.6437
1.80762 0.254287 -0.498356 0.000581212 13.6777
1.81062 0.23761 -0.498387 0.000621763 13.7119
1.81363 0.220933 -0.498419 0.000617876 13.7457
1.81663 0.204254 -0.49845 0.000546752 13.78
1.81963 0.187574 -0.498481 0.000517465 13.8141
1.82264 0.170894 -0.498512 0.00051764 13.8483
1.82544 0.155358 -0.464309 0.00147153 13.8824
1.82803 0.140957 -0.43037 0.00169215 13.9164
1.83042 0.127692 -0.396429 0.00104022 13.9506
1.8326 0.115563 -0.36249 0.00102008 13.9845
1.83458 0.10457 -0.328552 0.00133202 14.0187
1.83636 0.0947119 -0.294613 0.00120812 14.0527
1.83793 0.0859898 -0.260674 0.00101078 14.0867
1.8393 0.0784033 -0.226736 0.00107943 14.1208
1.84046 0.0719524 -0.192798 0.00112527 14.1547
1.84142 0.0666371 -0.15886 0.00103 14.1887
1.84217 0.0624574 -0.124922 0.000985213 14.2228
1.84272 0.0594132 -0.0909849 0.00100928 14.2567
1.84307 0.0575046 -0.0570476 0.000990022 14.2909
1.8432 0.0567315 -0.0231105 0.000945261 14.3249
1.84314 0.0570939 0.0108265 0.000933552 14.3591
1.84287 0.0585918 0.0447633 0.000930205 14.3932
1.84239 0.0612252 0.0787001 0.000908497 14.4273
1.84171 0.064994 0.112637 0.000888946 14.4615
1.84082 0.0698983 0.146573 0.000881375 14.4955
1.83973 0.075938 0.18051 0.000871759 14.5295
1.83843 0.0831132 0.214446 0.000858064 14.5637
1.83693 0.0914237 0.248382 0.000848677 14.5976
1.83563 0.0985968 0.214376 0.000855814 14.6317
1.83454 0.104632 0.180372 0.000892417 14.6658
1.83365 0.10953 0.146367 0.000876405 14.6999
1.83297 0.113289 0.112363 0.000857277 14.734
1.8325 0.115911 0.0783586 0.00086862 14.7681
1.83223 0.117396 0.0443542 0.000874158 14.802
1.83216 0.117743 0.0103498 0.000864163 14.8362
1.83231 0.116952 -0.0236547 0.000861457 14.8703
1.83266 0.115023 -0.0576591 0.000865762 14.9044
1.83321 0.111957 -0.0916635 0.000864338 14.9386
1.83397 0.107753 -0.125668 0.000860551 14.9726
1.83494 0.102412 -0.159672 0.000860711 15.0067
1.83611 0.0959326 -0.193677 0.000861352 15.0406
1.83749 0.0883159 -0.227681 0.000859824 15.0747
1.83908 0.0795617 -0.261685 0.000858762 15.1086
1.84087 0.0696698 -0.29569 0.000859009 15.1426
1.84287 0.0586405 -0.329694 0.000858862 15.1766
1.84507 0.0464735 -0.363699 0.000858212 15.211
1.84748 0.033169 -0.397703 0.000857913 15.245
1.8501 0.0187271 -0.431707 0.00085766 15.2791
1.85293 0.00314755 -0.465712 0.000857099 15.3132
1.85596 -0.0135695 -0.499716 0.000856783 15.3471
1.85899 -0.0302965 -0.500012 -0.000140787 15.3812
1.86203 -0.0470246 -0.500046 -0.00044597 15.4155
1.86506 -0.0637539 -0.500081 0.000191022 15.4495
1.8681 -0.0804844 -0.500115 0.000203542 15.4837
1.87113 -0.097216 -0.500149 -0.000156573 15.5176
1.87417 -0.113949 -0.500183 -7.19223e-05 15.5516
1.8772 -0.130683 -0.500217 0.000110156 15.5856
1.88024 -0.147417 -0.500251 1.85044e-05 15.6196
1.88327 -0.164154 -0.500285 -5.92481e-05 15.6537
1.88631 -0.180891 -0.500319 1.34268e-05 15.6878
1.88935 -0.197629 -0.500353 4.05789e-05 15.7219
1.89238 -0.214369 -0.500386 -5.28267e-06 15.7561
1.89542 -0.231109 -0.50042 -7.22989e-06 15.7903
1.89846 -0.247851 -0.500454 2.07035e-05 15.8244
1.90149 -0.264594 -0.500488 1.64456e-05 15.8586
1.90453 -0.281338 -0.500522 3.48818e-06 15.8926
1.90757 -0.298083 -0.500555 1.08185e-05 15.9267
1.91061 -0.314829 -0.500589 1.78751e-05 15.9607
1.91365 -0.331577 -0.500622 1.3484e-05 15.9947
1.91668 -0.348325 -0.500656 1.19419e-05 16.0286
1.91972 -0.365075 -0.500689 1.59389e-05 16.0626
1.92255 -0.38068 -0.466488 0.00100923 16.0966
1.92518 -0.39515 -0.432551 0.0012741 16.1308
1.9276 -0.408485 -0.398612 0.000651987 16.1649
1.92982 -0.420684 -0.364674 0.00066208 16.1989
1.93182 -0.431748 -0.330737 0.00101046 16.233
1.93363 -0.441676 -0.296798 0.00091895 16.2671
1.93522 -0.450469 -0.262859 0.000747564 16.3012
1.93662 -0.458127 -0.228921 0.000842927 16.3355
1.9378 -0.464649 -0.194982 0.000916045 16.3696
1.93878 -0.470036 -0.161043 0.000844748 16.4036
1.93955 -0.474287 -0.127103 0.000822117 16.4376
1.94012 -0.477404 -0.0931635 0.000868172 16.4716
1.94048 -0.479384 -0.0592237 0.000869385 16.5056
1.94063 -0.48023 -0.0252836 0.000843129 16.5396
1.94058 -0.47994 0.00865668 0.000848772 16.5736
1.94032 -0.478515 0.0425971 0.000861582 16.6078
1.93986 -0.475954 0.0765378 0.000854481 16.6418
1.93918 -0.472258 0.110479 0.000848195 16.6759
1.93831 -0.467427 0.144419 0.000852704 16.71
1.93722 -0.461461 0.178361 0.000853877 16.7441
1.93593 -0.454359 0.212302 0.000849698 16.7782
1.93443 -0.446122 0.246243 0.000848628 16.8123
1.93272 -0.436749 0.280184 0.000849673 16.8464
1.9308 -0.426242 0.314126 0.000848315 16.8806
1.92868 -0.414599 0.348067 0.000846195 16.9146
1.92635 -0.401821 0.382008 0.000845338 16.9485
1.92382 -0.387908 0.41595 0.000844313 16.9825
1.92107 -0.372859 0.449891 0.000842543 17.0167
1.91812 -0.356675 0.483832 0.000841226 17.0508
1.91496 -0.339357 0.517772 0.00084043 17.0848
1.9116 -0.320903 0.551713 0.000839177 17.1191
1.90802 -0.301314 0.585653 0.000837327 17.1529
1.90424 -0.28059 0.619593 0.00083535 17.1869
1.90036 -0.259216 0.639262 -0.219202 17.2211
1.89655 -0.237252 0.655904 -0.543085 17.2553
1.89305 -0.214596 0.673968 -0.70676 17.2894
1.89001 -0.191125 0.695915 -0.791103 17.3234
1.88758 -0.166872 0.721413 -0.966024 17.3575
1.88595 -0.141934 0.759396 -1.1949 17.3915
1.88539 -0.116649 0.774638 -1.17395 17.4256
1.88592 -0.0908668 0.805049 -1.16134 17.4596
1.88872 -0.0661808 0.76977 -1.24794 17.4936
1.89138 -0.0425517 0.770133 -1.22068 17.5276
1.89429 -0.0197525 0.774729 -1.21261 17.5616
1.89737 0.00293523 0.782648 -1.2035 17.5957
1.90079 0.0255039 0.784681 -1.19468 17.6299
1.90441 0.0470007 0.758492 -1.18703 17.664
1.90838 0.06766 0.78825 -1.16975 17.6982
1.91257 0.0870601 0.49355 -1.17664 17.7322
1.91314 0.098801 0.308971 -1.18321 17.7664
1.91491 0.110297 0.265117 -1.17828 17.8004
1.91857 0.125498 0.449508 -1.18731 17.8345
1.92236 0.139678 0.353224 -1.19615 17.8686
1.92642 0.156496 0.329929 -1.20328 17.9028
1.92988 0.172572 0.477971 -1.21268 17.9366
1.93305 0.188352 0.396663 -1.18698 17.9707
1.93681 0.204379 0.212197 -1.16345 18.0046
1.94021 0.216129 0.378077 -1.16623 18.0387
1.94272 0.229521 0.289776 -1.14554 18.0727
1.94612 0.244421 0.203344 -1.12618 18.1066
1.94884 0.256285 0.360769 -1.12923 18.1408
1.96112 0.27502 0.927526 -1.20513 18.1749
1.9809 0.293839 1.19025 -1.25478 18.209
2.00739 0.312649 1.15439 -1.26682 18.2432
2.03521 0.331123 1.12002 -1.27333 18.2775
2.06439 0.348231 1.13279 -1.28081 18.3115
2.09545 0.366167 1.15322 -1.2894 18.3455
2.12877 0.382557 1.16238 -1.29404 18.3797
2.16257 0.397399 1.1558 -1.29738 18.4136
2.19705 0.410698 1.13465 -1.29846 18.4477
2.23187 0.422493 1.11084 -1.29853 18.4816
2.26694 0.432694 1.08807 -1.30994 18.5158
2.30174 0.440821 1.03026 -1.59999 18.5498
2.3361 0.44695 1.008 -1.8344 18.5839
2.37271 0.451002 1.02286 -2.52936 18.6182
2.40755 0.452213 1.00468 -2.69986 18.6522
2.44106 0.450213 0.997181 -2.58755 18.6862
2.47361 0.445414 0.993141 -2.332 18.7203
2.5051 0.438205 0.971965 -2.14055 18.7545
2.53527 0.42897 0.931158 -2.03373 18.7885
2.56409 0.417949 0.908145 -1.9916 18.8227
2.59196 0.40508 0.903242 -1.9849 18.8567
2.61867 0.390493 0.89563 -1.9764 18.8906
2.64409 0.374318 0.886592 -1.96818 18.9246
2.66813 0.356669 0.877394 -1.96157 18.9587
2.6907 0.337663 0.868398 -1.95289 18.9926
2.71175 0.317418 0.859327 -1.94467 19.0269
2.73121 0.296061 0.850121 -1.93828 19.0608
2.74903 0.273714 0.841141 -1.92975 19.0949
2.76518 0.250501 0.832084 -1.92161 19.129
2.77962 0.226551 0.822901 -1.91523 19.1631
2.79234 0.201988 0.813934 -1.907 19.1971
2.80346 0.176606 0.914518 -1.65159 19.2313
2.8143 0.147239 0.965446 -1.40431 19.2654
2.82378 0.11731 0.980055 -0.98943 19.2994
2.83228 0.0869414 0.976643 -0.383093 19.3334
2.84056 0.0559134 0.978868 0.242074 19.3676
2.84943 0.0234614 1.00544 0.806806 19.4016
2.85921 -0.0091593 1.00014 0.724599 19.4356
2.86973 -0.0415145 1.00036 0.071266 19.4696
2.88043 -0.0738329 1.00135 -0.00504504 19.5036
2.89117 -0.106118 1.00012 0.636673 19.5376
2.90251 -0.138161 0.999836 0.760809 19.5718
2.91455 -0.169511 0.996923 0.406137 19.6059
2.92708 -0.20087 0.999327 0.353414 19.6401
2.94005 -0.232262 1.0003 0.341261 19.6743
2.95346 -0.263656 1.00133 0.362404 19.7084
2.96726 -0.294887 1.00436 0.382882 19.7426
2.98145 -0.325917 1.00332 0.394862 19.7766
2.99605 -0.356738 0.999839 0.400864 19.8107
3.01107 -0.387351 1.00281 0.407982 19.8446
3.02651 -0.41773 1.00308 0.419883 19.8787
3.04237 -0.447864 0.999463 0.433696 19.9127
3.05863 -0.477684 0.998311 0.474106 19.9467
3.07535 -0.507219 0.999639 0.495894 19.9806
3.09258 -0.536497 1 0.456081 20.0147
3.11027 -0.565529 0.999963 0.415918 20.0488
3.12838 -0.594304 0.999943 0.449308 20.0827
3.14692 -0.622798 0.999807 0.495516 20.1168
3.16593 -0.65098 0.999821 0.48698 20.1509
3.1854 -0.678845 0.99981 0.451812 20.1849
3.20529 -0.706405 0.999774 0.453506 20.2191
3.22561 -0.733655 0.999679 0.485758 20.2532
3.24637 -0.760567 0.999624 0.496764 20.2873
3.26757 -0.787128 0.999626 0.478408 20.3216
3.28921 -0.813339 0.999613 0.46703 20.3556
3.31126 -0.839203 0.999554 0.480529 20.3896
3.33372 -0.864703 0.99949 0.496929 20.4237
3.35661 -0.889822 0.999464 0.493092 20.4576
3.37991 -0.914554 0.999454 0.480279 20.4917
3.40361 -0.938901 0.999416 0.48229 20.5257
3.42771 -0.962856 0.99936 0.494664 20.5597
3.45221 -0.986403 0.999321 0.497502 20.5937
3.47709 -1.00953 0.9993 0.49042 20.6281
3.50236 -1.03225 0.999272 0.487142 20.6623
3.528 -1.05453 0.999229 0.492188 20.6965
3.55401 -1.07639 0.999185 0.497577 20.7305
3.58038 -1.09781 0.999153 0.495725 20.7648
3.60711 -1.11877 0.999129 0.490869 20.7987
3.63419 -1.13929 0.999093 0.491594 20.8327
3.6616 -1.15935 0.99905 0.495836 20.8667
3.68934 -1.17894 0.999015 0.49625 20.9006
3.71741 -1.19807 0.998986 0.493071 20.9346
3.7458 -1.21672 0.998954 0.491526 20.9687
3.77449 -1.23489 0.998916 0.493199 21.0026
3.80348 -1.25258 0.998879 0.494504 21.0367
3.83277 -1.26978 0.998859 0.492843 21.0707
3.86229 -1.28645 0.996867 0.512164 21.1048
3.89209 -1.30261 0.997751 0.524928 21.1391
3.92216 -1.31823 0.998511 0.507021 21.1732
3.95251 -1.33333 0.998427 0.489996 21.2074
3.98314 -1.34794 0.998581 0.481888 21.2415
4.01265 -1.36143 0.962614 0.39964 21.2756
4.04142 -1.37409 0.929733 0.351543 21.3096
4.06938 -1.386 0.896358 0.324849 21.3438
4.09645 -1.39718 0.862692 0.309729 21.3778
4.12259 -1.40765 0.828897 0.3004 21.4118
4.14779 -1.41744 0.794953 0.294496 21.4457
4.17201 -1.42658 0.761267 0.291042 21.4799
4.19523 -1.43507 0.727002 0.293604 21.5141
4.21745 -1.44295 0.692992 0.297057 21.5483
4.23863 -1.45023 0.658993 0.300695 21.5823
4.2588 -1.45692 0.625009 0.29677 21.6165
4.27793 -1.46307 0.591001 0.294647 21.6506
4.29602 -1.46867 0.556979 0.297389 21.6847
4.31306 -1.47377 0.522971 0.298001 21.7188
4.32903 -1.47838 0.488968 0.296426 21.7526
4.34394 -1.48251 0.454962 0.296515 21.7866
4.35777 -1.4862 0.420955 0.297349 21.8207
4.37051 -1.48947 0.38695 0.29706 21.8547
4.38441 -1.49288 0.42089 0.296644 21.8889
4.39947 -1.49641 0.454828 0.296885 21.9229
4.41568 -1.50004 0.488765 0.297117 21.9568
4.43307 -1.50374 0.522703 0.297012 21.9909
4.45162 -1.50749 0.556641 0.296938 22.0252
4.47134 -1.51127 0.590579 0.296939 22.0592
4.49223 -1.51505 0.624518 0.296904 22.0933
4.5143 -1.51881 0.658456 0.296999 22.1274
4.53755 -1.52253 0.692394 0.297208 22.1615
4.56197 -1.52618 0.726333 0.297157 22.1956
4.58758 -1.52974 0.760273 0.296897 22.2297
4.61436 -1.53319 0.794212 0.297008 22.2637
4.64232 -1.5365 0.828153 0.297433 22.2976
4.67146 -1.53965 0.862093 0.297338 22.3316
4.70178 -1.54261 0.896034 0.296923 22.3656
4.73328 -1.54537 0.929974 0.297271 22.3997
4.76596 -1.5479 0.963912 0.297727 22.434
4.79923 -1.5501 0.980623 0.549624 22.4681
4.83307 -1.55171 0.996398 0.877953 22.5021
4.86696 -1.55237 0.996926 0.738985 22.5362
4.90084 -1.55217 0.996688 0.455595 22.5704
4.93474 -1.55141 0.997452 0.446256 22.6045
4.96862 -1.55011 0.99707 0.648544 22.6388
5.00246 -1.54809 0.996856 0.706813 22.6728
5.03624 -1.54528 0.996885 0.550534 22.7067
5.06997 -1.54182 0.997189 0.452078 22.7408
5.10364 -1.53782 0.99728 0.537289 22.7749
5.13722 -1.53321 0.997045 0.628988 22.8088
5.1707 -1.52789 0.99685 0.577128 22.843
5.2041 -1.52192 0.997141 0.486871 22.877
5.23743 -1.51536 1.00098 0.532806 22.9113
5.27066 -1.5082 0.999912 0.601649 22.9453
5.30377 -1.50036 0.997613 0.578274 22.9793
5.33675 -1.49185 0.99784 0.537802 23.0132
5.36953 -1.48276 0.997388 0.501859 23.0474
5.40206 -1.47313 0.996963 0.48163 23.0816
5.43438 -1.46298 0.99709 0.472069 23.1157
5.46648 -1.45228 0.998257 0.461899 23.1496
5.49838 -1.4411 1.00093 0.450976 23.1835
5.53006 -1.42943 1.00389 0.441884 23.2176
5.56154 -1.41734 1.00773 0.421753 23.2517
5.59277 -1.40481 1.01268 0.398514 23.2856
5.6238 -1.39191 1.01471 0.376031 23.3197
5.65446 -1.37845 1.01345 0.35125 23.354
5.68208 -1.36261 0.983685 0.33931 23.3881
5.70889 -1.34719 0.981176 0.316288 23.4221
5.73604 -1.3322 1.01167 0.303129 23.4563
5.76331 -1.3174 1.00394 0.315985 23.4904
5.79021 -1.3025 1.00482 0.34063 23.5245
5.81658 -1.28752 0.996949 0.366953 23.5585
5.84244 -1.27226 0.992672 0.394278 23.5927
5.86772 -1.25682 0.98869 0.424308 23.6266
5.89239 -1.24095 0.984399 0.454729 23.6606
5.91655 -1.22448 0.984741 0.484144 23.6949
5.9401 -1.2074 0.980654 0.50921 23.7291
5.96296 -1.18987 0.97425 0.531682 23.7632
5.98503 -1.17209 0.915751 0.548222 23.7971
6.00654 -1.15378 0.958783 0.578022 23.8313
6.02705 -1.13528 0.998426 0.582409 23.8652
6.04854 -1.11588 0.969324 0.559453 23.899
6.07035 -1.09602 1.02292 0.531067 23.9332
6.09228 -1.07552 0.999294 0.511391 23.9675
6.11417 -1.05475 1.01516 0.487588 24.0015
6.13601 -1.03361 1.01269 0.466221 24.0357
6.15768 -1.01241 1.01295 0.445812 24.0697
6.17921 -0.990898 1.01877 0.424908 24.1037
6.20041 -0.969198 0.987742 0.408084 24.1375
6.22164 -0.94723 0.988332 0.387082 24.1717
6.24288 -0.924014 1.02301 0.404462 24.2057
6.26488 -0.900138 1.06817 0.42033 24.2399
6.28806 -0.875908 1.06265 0.43191 24.2739
6.31075 -0.851463 1.07129 0.461189 24.3079
6.33318 -0.826617 1.04488 0.494518 24.3422
6.35506 -0.801501 1.02413 0.531648 24.3763
6.37645 -0.776061 1.01997 0.512101 24.4103
6.39742 -0.750211 1.0152 0.451331 24.4444
6.41819 -0.72384 1.01717 0.295145 24.4785
6.43893 -0.696967 1.01671 0.140796 24.5126
6.4596 -0.669895 1.01121 0.166825 24.5466
6.48011 -0.642704 1.00634 0.31507 24.5806
6.50033 -0.615303 1.00098 0.338134 24.6146
6.52023 -0.587729 1.00213 0.234606 24.6491
6.53991 -0.559957 1.00111 0.183639 24.683
6.55941 -0.53206 1.00104 0.237114 24.7171
6.57868 -0.504012 1.00089 0.296557 24.7512
6.59768 -0.475779 1.0009 0.270962 24.7854
6.61643 -0.447375 1.00097 0.214811 24.8194
6.63496 -0.418832 1.00093 0.21756 24.8535
6.65328 -0.390153 1.00081 0.26192 24.8876
6.67134 -0.361318 1.00075 0.271907 24.9217
6.68914 -0.332322 1.00078 0.238041 24.9556
6.70671 -0.303181 1.00078 0.218894 24.9896
6.72406 -0.273911 1.00071 0.239377 25.0236
6.74117 -0.244503 1.00064 0.259157 25.058
6.75802 -0.21495 1.00063 0.247213 25.092
6.77463 -0.185258 1.00065 0.227055 25.126
6.79101 -0.155457 0.999379 0.237155 25.1602
6.80713 -0.125534 0.999464 0.260485 25.1941
6.82298 -0.0954801 1.00046 0.256164 25.2282
6.83858 -0.0652859 1.00074 0.234058 25.2623
6.85394 -0.0349613 0.999967 0.227651 25.2963
6.86906 -0.00452051 0.999413 0.242032 25.3307
6.88393 0.026035 0.999823 0.250364 25.3646
6.89855 0.0567079 1.00001 0.238064 25.3986
6.91291 0.0875033 1.00016 0.230205 25.4326
6.92704 0.118425 1.00021 0.225735 25.4667
6.94093 0.149469 1.00017 0.223692 25.5008
6.95459 0.180622 1.0002 0.221604 25.5346
6.96801 0.211866 1.00018 0.227139 25.5686
6.98119 0.243208 0.999794 0.229791 25.6029
6.99412 0.274645 1.00001 0.229235 25.6368
7.00681 0.306186 1.0001 0.220161 25.671
7.01926 0.337827 1.00007 0.214365 25.705
7.03148 0.369556 1.00002 0.219743 25.739
7.04346 0.401373 0.999982 0.224311 25.7733
7.05521 0.43328 0.999964 0.219665 25.8074
7.06671 0.465272 0.999937 0.213643 25.8415
7.07798 0.497347 0.999889 0.214115 25.8758
7.08902 0.529501 0.999848 0.21737 25.9097
7.09981 0.561734 0.999813 0.216879 25.9437
7.11037 0.594045 0.999786 0.212693 25.9777
7.1207 0.62643 0.999756 0.210086 26.0117
7.1308 0.658888 0.999718 0.211485 26.046
7.14066 0.691415 0.999681 0.212533 26.0801
7.15028 0.724012 0.999651 0.209961 26.114
7.15968 0.756676 0.999621 0.207151 26.1482
7.16884 0.789404 0.999587 0.206949 26.1823
7.17777 0.822194 0.999551 0.207382 26.2163
7.18647 0.855046 0.999518 0.206411 26.2504
7.19494 0.887956 0.999487 0.20438 26.2844
7.20318 0.920924 0.999455 0.202829 26.3187
7.21119 0.953947 0.999421 0.202695 26.3527
7.21898 0.987023 0.999386 0.202516 26.3866
7.22653 1.02015 0.999354 0.200878 26.4205
7.23386 1.05333 0.999323 0.199212 26.4547
7.24096 1.08655 0.999289 0.198667 26.4887
7.24784 1.11983 0.999255 0.198187 26.5228
7.25449 1.15314 0.999222 0.197133 26.5567
7.26092 1.1865 0.99919 0.195861 26.5909
7.26712 1.2199 0.999157 0.194727 26.6249
7.27311 1.25334 0.999124 0.194046 26.6592
7.27887 1.28682 0.99909 0.193419 26.6934
7.28441 1.32033 0.999058 0.192231 26.7275
7.28973 1.35388 0.999025 0.191016 26.7616
7.29483 1.38746 0.998992 0.190281 26.7956
7.29971 1.42107 0.998959 0.189544 26.8295
7.30438 1.45471 0.998926 0.188553 26.8637
7.30883 1.48839 0.998893 0.18753 26.8976
7.31306 1.52208 0.99886 0.186586 26.9317
7.31708 1.5558 0.998827 0.185777 26.9656
7.32088 1.58955 0.998794 0.184976 26.9996
7.32447 1.62332 0.998761 0.184007 27.0335
7.32785 1.65711 0.998728 0.183035 27.0678
7.33101 1.69091 0.998695 0.182207 27.1021
7.33397 1.72474 0.998662 0.181412 27.1362
7.33671 1.75858 0.998629 0.180544 27.1704
7.33925 1.79244 0.998596 0.179609 27.2044
7.34157 1.82631 0.998563 0.178748 27.2388
7.34369 1.8602 0.99853 0.177982 27.2727
7.34561 1.89409 0.998496 0.177133 27.3067
7.34732 1.928 0.998463 0.176256 27.3407
7.34882 1.96191 0.99843 0.175463 27.3747
7.35012 1.99583 0.998397 0.174621 27.4087
7.35121 2.02976 0.998363 0.173806 27.4428
7.35211 2.06369 0.998329 0.173075 27.4768
7.3528 2.09763 0.998296 0.172209 27.5108
7.3533 2.13156 0.998262 0.171368 27.5448
7.35359 2.1655 0.998228 0.170702 27.579
7.35369 2.19944 0.99795 0.173005 27.6132
7.35358 2.23338 0.997985 0.168988 27.6474
7.35328 2.26732 0.998006 0.166503 27.6815
7.3528 2.30125 1.00021 0.167411 27.7155
7.35212 2.33516 1.00466 0.166858 27.7496
7.35127 2.36904 1.01221 0.167499 27.7836
7.35026 2.40285 1.01205 0.199279 27.8176
7.34899 2.43653 1.01424 0.262802 27.8517
7.34741 2.47003 1.01601 0.309864 27.8857
7.34576 2.5032 1.01304 0.344589 27.9197
7.34561 2.53497 0.99681 0.268243 27.9537
7.3453 2.56655 0.996917 0.205106 27.9878
7.34477 2.59809 0.997076 0.165715 28.0219
7.344 2.62968 1.00285 0.154319 28.056
7.34288 2.66177 1.01948 0.142205 28.0902
7.34197 2.69366 1.00041 0.119485 28.1243
7.34126 2.72487 1.01074 0.1171 28.1584
7.34035 2.75616 1.02065 0.138116 28.1926
7.33947 2.78707 0.989115 0.170509 28.2268
7.33883 2.81773 0.993827 0.195227 28.2607
7.33804 2.84796 1.00928 0.185882 28.2947
7.33695 2.87878 1.03081 0.179442 28.3286
7.33593 2.90932 1.00226 0.177283 28.3627
7.33475 2.93978 1.00733 0.156631 28.3966
7.33331 2.9703 1.03733 0.18933 28.4307
7.33172 3.00117 0.992983 0.210604 28.4648
7.32998 3.03227 1.01615 0.239283 28.4991
7.32792 3.06356 1.01444 0.241906 28.5331
7.32517 3.09556 1.00875 0.230953 28.5673
7.32215 3.12761 0.984196 0.227123 28.6014
7.31859 3.1601 1.03026 0.217385 28.6356
7.31477 3.19235 1.00547 0.200547 28.6696
7.31064 3.22479 0.987466 0.216399 28.7037
7.30626 3.25756 0.986316 0.229149 28.7377
7.30158 3.29057 0.99674 0.211607 28.7716
7.29643 3.32377 1.01297 0.187629 28.8055
7.29028 3.35694 1.00758 0.155392 28.8398
7.28379 3.38996 1.00283 0.12025 28.8738
7.27716 3.42296 1.00114 0.0968416 28.9078
7.27027 3.45589 1.00002 0.0774474 28.9419
7.26214 3.48875 1.00704 0.0647435 28.976
7.25326 3.52159 1.0067 0.090328 29.0102
7.24427 3.5544 1.00682 0.105892 29.0443
7.2352 3.58718 1.00692 0.0863255 29.0785
7.22598 3.61994 1.0064 0.070336 29.1125
7.21666 3.65267 1.00494 0.0867187 29.1465
7.20725 3.68537 1.00374 0.104628 29.1805
7.19772 3.71804 1.00293 0.10023 29.2147
7.18809 3.75068 1.00222 0.0875106 29.2488
7.17835 3.7833 1.00154 0.0891147 29.2827
7.16852 3.81587 1.00101 0.101594 29.3167
7.15858 3.84842 1.00076 0.106322 29.3507
7.14853 3.88093 1.00081 0.0999658 29.3847
7.13837 3.91341 1.00085 0.0960113 29.4188
7.12811 3.94585 1.00087 0.101411 29.4529
7.11773 3.97826 1.00085 0.105291 29.487
7.10724 4.01063 1.00081 0.10557 29.521
7.09669 4.04252 0.986792 0.685626 29.5551
7.08558 4.07396 0.981991 0.429393 29.5893
7.07427 4.10472 0.964339 -0.280899 29.6235
7.06341 4.13492 0.943955 -0.271126 29.6575
7.05294 4.16471 0.927813 0.277429 29.6916
7.04239 4.19399 0.915367 0.441708 29.7255
7.0316 4.22273 0.903571 0.0321042 29.7596
7.02093 4.25106 0.892604 -0.225624 29.7936
7.01054 4.27911 0.865102 0.0322011 29.8275
7.00032 4.30661 0.855931 0.343136 29.8618
6.99001 4.33351 0.857988 0.237048 29.8959
6.97961 4.36006 0.848692 -0.0709209 29.93
6.96934 4.38635 0.82483 -0.0902882 29.9642
6.95931 4.41222 0.806222 0.168871 29.9985
6.94934 4.43756 0.802062 0.272237 30.0324
6.93931 4.46245 0.797817 0.0938928 30.0666
6.92929 4.48704 0.782616 -0.0560773 30.1007
6.91944 4.51128 0.769 0.0433459 30.1346
6.90972 4.53511 0.756934 0.203877 30.1687
6.89999 4.55854 0.746069 0.16841 30.2027
6.89028 4.58158 0.735719 0.0231144 30.2366
6.88067 4.60428 0.724987 0.00964391 30.2707
6.87119 4.62664 0.714078 0.128457 30.3048
6.86177 4.64863 0.703589 0.175888 30.3388
6.85236 4.67025 0.693588 0.0902858 30.3727
6.84302 4.69153 0.683627 0.0248904 30.4067
6.83378 4.71249 0.6735 0.0774558 30.4407
6.82464 4.73311 0.663506 0.148613 30.4749
6.81552 4.75339 0.653917 0.124547 30.5087
6.80633 4.77364 0.654146 0.057305 30.543
6.79735 4.79328 0.635127 0.058894 30.577
6.78849 4.81256 0.623938 0.116586 30.6111
6.77967 4.83157 0.616396 0.130215 30.6453
6.77089 4.85028 0.607838 0.0879568 30.6794
6.76195 4.86918 0.614835 0.0627482 30.7135
6.75334 4.88729 0.589875 0.0908621 30.7477
6.74483 4.90502 0.578262 0.121554 30.7816
6.73635 4.92254 0.572531 0.10554 30.8156
6.72791 4.93979 0.564777 0.0758952 30.8497
6.71956 4.95675 0.556061 0.0799832 30.8838
6.71129 4.97344 0.547773 0.104376 30.9179
6.70309 4.98986 0.539836 0.108032 30.9519
6.69494 5.00601 0.53201 0.0893102 30.986
6.68686 5.0219 0.524237 0.0804846 31.0201
6.67886 5.03753 0.516534 0.0923552 31.0541
6.67093 5.05291 0.508955 0.10245 31.0883
6.66306 5.06804 0.501528 0.095563 31.1224
6.65525 5.08292 0.494214 0.0850029 31.1566
6.64752 5.09756 0.486974 0.0868313 31.1907
6.63986 5.11197 0.479823 0.095229 31.2246
6.63227 5.12614 0.472796 0.0957075 31.2586
6.62474 5.14007 0.465889 0.0886241 31.2926
6.61728 5.15378 0.459072 0.0855666 31.3267
6.60989 5.16727 0.452335 0.0896793 31.3606
6.60257 5.18054 0.445699 0.0926891 31.3947
6.59531 5.19359 0.439174 0.0896499 31.4286
6.58812 5.20643 0.432745 0.0856959 31.4628
6.581 5.21906 0.426398 0.0862692 31.497
6.57395 5.23148 0.420138 0.0888907 31.5308
6.56696 5.2437 0.413977 0.0885063 31.5651
6.56004 5.25572 0.407911 0.0855822 31.5993
6.55319 5.26754 0.401928 0.0842751 31.6333
6.5464 5.27917 0.396026 0.0854515 31.6675
6.53968 5.29061 0.390211 0.0860657 31.7016
6.53303 5.30187 0.384486 0.0845333 31.7355
6.52644 5.31293 0.378844 0.0828058 31.7696
6.51992 5.32382 0.37328 0.082714 31.8038
6.51346 5.33453 0.367795 0.0832471 31.8376
6.50707 5.34507 0.362392 0.0826508 31.8718
6.50074 5.35543 0.35707 0.0812099 31.9059
6.49447 5.36562 0.351823 0.0804074 31.9398
6.48828 5.37564 0.346651 0.0804574 31.974
6.48214 5.3855 0.341554 0.0802452 32.0081
6.47607 5.3952 0.336533 0.0792721 32.0421
6.47006 5.40474 0.331585 0.0782762 32.0764
6.46412 5.41413 0.326707 0.0778701 32.1105
6.45823 5.42336 0.321895 0.0776473 32.1445
6.45241 5.43244 0.317287 0.0811278 32.1786
6.44665 5.44137 0.312669 0.0764079 32.2126
6.44096 5.45016 0.308135 0.0728145 32.2466
6.43532 5.4588 0.303644 0.0747249 32.2807
6.42975 5.46731 0.298954 0.0767935 32.3146
6.42424 5.47569 0.294539 0.0733265 32.3486
6.4188 5.48393 0.290525 0.0689516 32.3826
6.41342 5.49204 0.287083 0.0683399 32.4168
6.40809 5.50002 0.282797 0.0696046 32.4508
6.40282 5.50787 0.277967 0.0686345 32.4848
6.39761 5.5156 0.272946 0.0653245 32.5189
6.39245 5.52321 0.267638 0.0631946 32.5529
6.38739 5.53075 0.262977 0.0653833 32.5871
6.38321 5.5387 0.26024 0.110727 32.6213
6.38033 5.54813 0.258449 0.104354 32.6554
6.37757 5.55754 0.255324 0.102345 32.6895
6.37489 5.56679 0.24939 0.112751 32.7237
6.37226 5.57591 0.245418 0.122997 32.7576
6.36966 5.5849 0.242061 0.131323 32.7917
6.36709 5.59377 0.238625 0.137588 32.8255
6.36457 5.60251 0.235033 0.142576 32.8596
6.36205 5.61113 0.231671 0.146898 32.8938
6.35942 5.61926 0.225594 0.150207 32.9278
6.35694 5.62742 0.224806 0.158778 32.9618
6.35457 5.6356 0.222449 0.166078 32.9959
6.35199 5.64331 0.215241 0.180506 33.0301
6.3496 5.65091 0.214789 0.186769 33.0642
6.34715 5.6585 0.214955 0.190011 33.0983
6.3447 5.66588 0.206213 0.189224 33.1323
6.34216 5.67298 0.202338 0.177869 33.1666
6.34007 5.6805 0.204067 0.179878 33.2005
6.33799 5.68807 0.201503 0.180556 33.2346
6.33553 5.695 0.196199 0.189865 33.2687
6.33313 5.70167 0.190918 0.199744 33.3027
6.33086 5.70846 0.193826 0.198052 33.3366
6.3286 5.71534 0.19208 0.190853 33.3706
6.32638 5.72215 0.18926 0.189956 33.4046
6.32389 5.72834 0.185903 0.193196 33.4387
6.32118 5.73378 0.170961 0.187249 33.4728
6.31833 5.73839 0.162102 0.173401 33.5068
6.31537 5.74286 0.161765 0.150775 33.5409
6.31235 5.7473 0.161537 0.128488 33.575
6.30926 5.75165 0.160596 0.13022 33.6092
6.30607 5.75592 0.164279 0.153834 33.6432
6.30248 5.76013 0.173262 0.17471 33.6775
6.29845 5.76421 0.16909 0.168877 33.7116
6.29446 5.76811 0.16689 0.138849 33.7456
6.29053 5.77193 0.164054 0.103136 33.7797
6.28662 5.77571 0.162456 0.0965458 33.8137
6.28273 5.77942 0.161034 0.118759 33.8477
6.2789 5.78306 0.158914 0.131804 33.8818
6.27512 5.78663 0.156689 0.115839 33.9158
6.27137 5.79012 0.154316 0.0990578 33.9501
6.26766 5.79357 0.151189 0.103347 33.9841
6.26399 5.79695 0.146821 0.113713 34.0181
6.26035 5.80026 0.142291 0.109038 34.0523
6.25678 5.80352 0.141777 0.099464 34.0863
6.25326 5.80672 0.140662 0.0980162 34.1205
6.24977 5.80987 0.138703 0.102297 34.1547
6.24632 5.81296 0.136658 0.101919 34.1888
6.24291 5.81599 0.1346 0.0951243 34.2226
6.23954 5.81897 0.132243 0.0899018 34.2566
6.23621 5.82189 0.130292 0.0903808 34.2907
6.23292 5.82477 0.128341 0.0925045 34.3247
6.22967 5.82758 0.12643 0.0894883 34.3588
6.22647 5.83035 0.124557 0.0840437 34.3927
6.2233 5.83307 0.122705 0.0819681 34.4269
6.22017 5.83573 0.120872 0.0828645 34.4608
6.21709 5.83835 0.119069 0.0820138 34.4951
6.21404 5.84093 0.1173 0.0783236 34.5289
6.21103 5.84345 0.115555 0.0752259 34.563
6.20806 5.84593 0.113831 0.0746041 34.5973
6.20512 5.84837 0.11213 0.0742872 34.6314
6.20223 5.85076 0.110458 0.0721349 34.6655
6.19937 5.85311 0.108813 0.069239 34.6996
6.19655 5.85542 0.10719 0.0676227 34.7336
6.19377 5.85769 0.105587 0.0670158 34.7678
6.19102 5.85992 0.10401 0.0657309 34.8018
6.18831 5.86211 0.102458 0.0634838 34.8358
6.18564 5.86426 0.100928 0.0615302 34.87
6.183 5.86637 0.099418 0.0604681 34.9041
6.18038 5.86844 0.097316 0.0597178 34.9381
6.17781 5.87046 0.0963041 0.0604117 34.9722
6.17528 5.87246 0.0949844 0.0587928 35.0064
6.17278 5.87442 0.0936535 0.0548453 35.0404
6.17032 5.87635 0.0921611 0.0532663 35.0746
6.16788 5.87824 0.0908372 0.0527791 35.1086
6.16548 5.88011 0.0894723 0.0515042 35.1427
6.16312 5.88195 0.0881432 0.0488423 35.1766
