6.11463e-05 -1.00665e-06 4.91417e-06 -5.7091e-08 0.0324734
6.11713e-05 -1.00662e-06 4.28476e-06 -6.04082e-08 0.0662834
0.00121588 -1.00929e-06 0.0340438 2.53453e-05 0.100768
0.00352604 -1.01184e-06 0.0676149 -1.3016e-05 0.134763
0.00699169 -1.01599e-06 0.101628 -2.24594e-05 0.168747
0.0116128 -1.01817e-06 0.135623 -3.83091e-06 0.202916
0.0173894 -1.0179e-06 0.169613 -5.14876e-06 0.236926
0.0243214 -1.01796e-06 0.2036 -1.35314e-05 0.271029
0.0324089 -1.01468e-06 0.237586 -9.67803e-06 0.304979
0.0416519 -1.00331e-06 0.271572 -7.74549e-06 0.339132
0.0520504 -9.84276e-07 0.305558 -1.15842e-05 0.373093
0.0636044 -9.58513e-07 0.339543 -1.12602e-05 0.407184
0.0763138 -9.23284e-07 0.373529 -8.80089e-06 0.441256
0.0901788 -8.74785e-07 0.407514 -9.76697e-06 0.475427
0.105199 -8.11059e-07 0.4415 -1.13413e-05 0.509363
0.121375 -7.30805e-07 0.475485 -1.10224e-05 0.543436
0.138707 -6.31507e-07 0.509471 -1.06306e-05 0.577451
0.157194 -5.10568e-07 0.543457 -1.08861e-05 0.611637
0.176836 -3.65782e-07 0.577443 -1.10077e-05 0.645507
0.197634 -1.93301e-07 0.611429 -1.11263e-05 0.679463
0.219588 9.34208e-09 0.645415 -1.14627e-05 0.713436
0.242697 2.44623e-07 0.679402 -1.16042e-05 0.747553
0.266961 5.16501e-07 0.713462 -7.18386e-06 0.781909
0.292379 8.30752e-07 0.747832 -1.00607e-05 0.815975
0.318953 1.18849e-06 0.782247 -2.07063e-05 0.849998
0.346682 1.58839e-06 0.816683 -2.2492e-05 0.884095
0.375567 2.03641e-06 0.851144 -2.32952e-05 0.918229
0.405602 2.94821e-06 0.885476 0.00216628 0.952265
0.436189 5.4421e-05 0.901817 0.260207 0.986429
0.467301 0.000422029 0.917859 0.598236 1.02036
0.499013 0.00141371 0.936411 0.736785 1.05439
0.531437 0.00322295 0.958936 0.812301 1.08843
0.5645 0.00598102 0.98075 1.00411 1.12233
0.598077 0.00996395 1.00118 1.23093 1.15627
0.631548 0.0153595 1.00529 1.11728 1.19042
0.664718 0.0219894 1.00407 0.892075 1.22456
0.697769 0.0296543 1.00796 0.818668 1.25851
0.730585 0.0382534 1.00838 0.926865 1.29268
0.762991 0.0478482 1.00968 1.02483 1.32696
0.794803 0.0584398 1.00943 1.02606 1.36094
0.826043 0.0701137 1.00919 0.99418 1.39504
0.856814 0.0828166 1.00932 0.952565 1.42917
0.88716 0.0965148 1.00962 0.913144 1.46331
0.917083 0.111157 1.00991 0.878104 1.49725
0.946571 0.126697 1.01025 0.845999 1.53128
0.97561 0.143092 1.01011 0.815984 1.56546
1.00419 0.160293 1.00985 0.785633 1.59939
1.03231 0.17826 1.00955 0.753942 1.63337
1.05998 0.196952 1.00919 0.722751 1.66739
1.08719 0.216331 1.0088 0.69206 1.70173
1.11395 0.236359 1.00872 0.668409 1.73585
1.14023 0.256965 1.00638 0.658966 1.77001
1.16601 0.278146 1.00576 0.647646 1.8042
1.19131 0.299892 1.00772 0.62346 1.83798
1.21616 0.322171 1.00332 0.585888 1.87198
1.2406 0.344984 1.00608 0.536454 1.90613
1.26469 0.368318 1.00343 0.488062 1.9403
1.51512 0.806168 -0.000878875 0.499535 3.94755
1.5376 0.814117 -0.00185293 0.511115 5.94786
1.58033 0.814626 -0.00079162 0.499487 7.94826
1.58034 0.814655 -0.000827592 0.499469 7.9484
1.58035 0.814685 -0.000863553 0.499451 7.94848
1.58036 0.814717 -0.000899499 0.499432 7.94854
1.58037 0.814749 -0.000935427 0.499414 7.9486
1.58038 0.814782 -0.00097133 0.499396 7.94865
1.58039 0.814817 -0.0010072 0.499379 7.94873
1.5804 0.814852 -0.00104305 0.499363 7.94878
1.58041 0.814888 -0.00107885 0.499349 7.94884
1.58042 0.814925 -0.00111462 0.499336 7.94889
1.58043 0.814963 -0.00115034 0.499324 7.9698
1.57987 0.814 0.0327981 0.495455 8.00402
1.57877 0.812016 0.0667378 0.494331 8.03825
1.57716 0.808994 0.100671 0.496759 8.07236
1.57508 0.804916 0.134608 0.496744 8.10629
1.57257 0.799766 0.168548 0.495371 8.14031
1.56965 0.793528 0.202485 0.495724 8.17478
1.56638 0.786187 0.236422 0.496406 8.20894
1.56278 0.777729 0.27036 0.496045 8.24317
1.55888 0.768143 0.304298 0.495771 8.27732
1.55474 0.757415 0.338235 0.496063 8.31127
1.55038 0.745535 0.372171 0.49618 8.34534
1.54585 0.732494 0.405764 0.494274 8.37925
1.54117 0.718279 0.439777 0.495518 8.41356
1.53639 0.702884 0.473768 0.496875 8.44761
1.53155 0.6863 0.507767 0.49594 8.48147
1.52669 0.668524 0.542205 0.495265 8.5157
1.52186 0.649554 0.578035 0.496347 8.54993
1.51709 0.629383 0.614349 0.497337 8.58398
1.51243 0.60812 0.647497 0.547061 8.61804
1.50822 0.586458 0.662429 0.768341 8.65204
1.50446 0.564421 0.683177 0.79362 8.68619
1.50123 0.541949 0.70185 0.874054 8.7203
1.49864 0.519002 0.720641 0.993277 8.75433
1.4968 0.49555 0.738936 1.13962 8.78833
1.49585 0.471504 0.758382 1.29767 8.82244
1.49595 0.446829 0.778442 1.45822 8.8564
1.49733 0.42116 0.808145 1.58671 8.89034
1.50007 0.395544 0.807786 1.77465 8.92429
1.50367 0.369938 0.83523 1.9815 8.95838
1.50815 0.344086 0.848507 2.15399 8.99233
1.51455 0.318568 0.870815 2.33836 9.02641
1.52337 0.293198 0.89521 2.49079 9.06041
1.53471 0.26841 0.885328 2.61891 9.09449
1.54881 0.244358 0.940487 2.76493 9.12854
1.56564 0.221576 0.930427 2.86466 9.16245
1.58666 0.198715 1.08898 2.91739 9.19673
1.61083 0.176653 1.0323 2.91563 9.23081
1.63553 0.15973 1.00879 2.91544 9.26497
1.66161 0.146124 0.998291 2.91793 9.29912
1.68886 0.135673 0.988328 2.91449 9.33325
1.71699 0.128446 0.978615 2.91047 9.36728
1.74565 0.124291 0.969949 2.90591 9.40132
1.77438 0.123528 0.937996 2.89941 9.43529
1.80288 0.125579 0.934208 2.89426 9.46942
1.83161 0.12925 1.01501 2.83877 9.50349
1.86345 0.134366 1.06116 2.82027 9.53758
1.89488 0.140922 1.06419 2.80585 9.5715
1.92546 0.150454 1.06681 2.78584 9.60562
1.95303 0.162563 0.98361 2.72133 9.63994
1.9767 0.176642 0.902006 2.72277 9.67395
1.99828 0.193231 0.928886 2.73234 9.70796
2.01836 0.213184 0.940739 2.73877 9.74216
2.03658 0.234555 0.923044 2.74061 9.7761
2.05223 0.25734 0.903675 2.74324 9.81031
2.06677 0.281266 0.927241 2.74583 9.84439
2.07917 0.306185 0.908782 2.7422 9.87847
2.08928 0.332383 0.89211 2.74048 9.91237
2.09685 0.35906 0.876179 2.73484 9.94648
2.10183 0.385972 0.858018 2.72541 9.98044
2.10427 0.413063 0.8699 2.61758 10.0146
2.10432 0.440488 0.859923 2.19655 10.0486
2.10247 0.468869 0.9459 1.61563 10.0825
2.0989 0.498425 0.963534 1.16104 10.1168
2.09376 0.52922 0.998603 0.730399 10.1509
1.99416 1.03474 -0.000412315 0.500351 12.164
1.99839 1.03544 -0.00248664 0.49524 14.1643
2.01237 1.03608 0.000314568 0.498616 16.1646
2.01114 1.03757 -0.00164119 0.500197 18.1649
2.01112 1.0376 0.00010109 0.505028 18.1649
2.01111 1.03756 0.00106829 0.547182 18.165
2.01111 1.03751 -0.000913275 0.549891 18.165
2.01111 1.03747 -0.00101806 0.526445 18.165
2.0111 1.03748 -0.00155506 0.512872 18.165
2.01107 1.03752 -0.00175947 0.504362 18.1651
2.01104 1.03757 -0.00188908 0.499722 18.1651
2.011 1.03763 -0.00197539 0.497203 18.1651
2.01096 1.03769 -0.00203791 0.495843 18.1652
2.01092 1.03776 -0.00208743 0.495115 18.1925
2.01139 1.03681 0.0317536 0.496039 18.2267
2.01241 1.03485 0.0657037 0.49665 18.2605
2.01401 1.03189 0.0996436 0.497051 18.2947
2.01624 1.02796 0.133598 0.497201 18.3287
2.01912 1.02307 0.167108 0.497981 18.3628
2.02269 1.01724 0.201203 0.498619 18.3968
2.02698 1.0105 0.235236 0.498638 18.4311
2.03203 1.00287 0.269096 0.497938 18.4651
2.03782 0.994403 0.306053 0.490778 18.4992
2.04439 0.985128 0.343895 0.469716 18.5332
2.05176 0.975095 0.381816 0.43776 18.5672
2.05991 0.964332 0.419769 0.398675 18.6013
2.06885 0.952852 0.457367 0.35513 18.6353
2.07857 0.94066 0.497343 0.321698 18.6694
2.08909 0.927763 0.536526 0.286308 18.7034
2.10039 0.914162 0.575042 0.244629 18.7374
2.11192 0.900319 0.572776 0.209825 18.7715
2.12261 0.887432 0.588826 0.282806 18.8056
2.13394 0.874056 0.624979 0.315001 18.8395
2.1456 0.860657 0.640048 0.344912 18.8737
2.15782 0.846857 0.732687 0.423845 18.9078
2.17201 0.831348 0.743112 0.440362 18.942
2.1871 0.815414 0.782173 0.460934 18.9761
2.20301 0.799318 0.80201 0.480584 19.0101
2.21979 0.782882 0.838162 0.503037 19.0442
2.23735 0.766618 0.864188 0.527723 19.0782
2.25578 0.750418 0.895469 0.552981 19.1123
2.27513 0.734081 0.930026 0.578684 19.1464
2.29302 0.71964 0.685421 0.656864 19.1803
2.30616 0.709726 0.621205 0.637034 19.2146
2.31991 0.699464 0.680245 0.604641 19.2485
2.33397 0.689639 0.688347 0.576663 19.2826
2.3483 0.680458 0.650683 0.553589 19.3166
2.36286 0.671244 0.67531 0.523378 19.3506
2.37759 0.662516 0.684256 0.495245 19.3846
2.39338 0.653513 0.722248 0.582496 19.4188
2.42332 0.636123 1.27705 0.647585 19.4529
2.45681 0.618197 1.26472 0.659065 19.4871
2.49201 0.600407 1.30994 0.674759 19.5212
2.5279 0.583379 1.31416 0.68487 19.5551
2.56434 0.567224 1.30501 0.69252 19.5891
2.60132 0.551967 1.30309 0.699202 19.6232
2.63874 0.537764 1.30174 0.704789 19.6573
2.67672 0.524265 1.30055 0.710276 19.6915
2.70718 0.514877 0.757294 1.31061 19.7253
2.73161 0.507162 0.93157 1.59797 19.7594
2.75935 0.500382 0.942932 2.28868 19.7933
2.78995 0.49523 0.992678 2.92992 19.8275
2.82241 0.492656 1.00599 3.23284 19.8616
2.85578 0.493802 1.0153 3.41199 19.8957
2.88819 0.498831 1.00383 3.33341 19.9298
2.91992 0.507411 1.01157 3.26747 19.9639
2.95047 0.519474 1.00481 3.14816 19.9979
2.97943 0.53465 0.981164 3.08568 20.032
3.00644 0.552602 0.96765 3.08861 20.0662
3.03119 0.573084 0.951522 3.08851 20.1003
3.05384 0.596225 0.953076 3.08942 20.1343
3.07327 0.620755 0.918824 3.0885 20.1683
3.08979 0.646819 0.906707 3.08305 20.2023
3.10331 0.674094 0.894421 3.0778 20.2365
3.11376 0.702237 0.881749 3.0715 20.2705
3.12112 0.730912 0.871575 3.06195 20.3045
3.12539 0.759783 0.859275 3.05152 20.3386
3.12662 0.788528 0.84693 3.03977 20.3725
3.1249 0.816831 0.834725 3.02824 20.4067
3.12033 0.844392 0.822402 3.01708 20.4409
3.11307 0.870929 0.810344 3.00921 20.475
3.10329 0.896179 0.797543 3.00598 20.509
3.09118 0.919894 0.781473 3.00629 20.5432
3.07695 0.941862 0.768239 3.0069 20.5772
3.06086 0.961895 0.754356 3.01036 20.6112
3.04313 0.979836 0.740396 3.01271 20.6454
3.02402 0.995571 0.726641 3.01088 20.6794
3.0038 1.00901 0.712766 3.00975 20.7134
2.98273 1.0201 0.699074 3.00715 20.7473
2.96107 1.02882 0.685706 3.00109 20.7813
2.93861 1.03537 0.776156 2.60694 20.8154
2.91426 1.04014 0.879798 1.67001 20.8495
2.88779 1.04405 0.929062 0.448262 20.8835
2.85721 1.04782 0.998714 -0.578249 20.9175
2.8229 1.05272 1.03332 -1.47337 20.9514
2.78855 1.05922 1.02642 -1.18735 20.9855
2.75459 1.06697 1.02324 -0.0991704 21.0197
2.721 1.07484 1.01466 0.112354 21.0539
2.68784 1.08258 1.00116 -0.526129 21.088
2.65484 1.09112 1.00138 -0.910178 21.122
2.62277 1.10029 0.997489 -0.743546 21.1561
2.16061 1.32796 -0.000849712 0.487665 23.1873
2.16438 1.33033 0.00245898 0.473886 25.1879
2.25833 1.2943 -0.000246094 0.498449 27.1882
2.25639 1.29614 -0.000172893 0.463949 29.1885
2.25627 1.29623 -0.000242841 0.464258 29.1887
2.25617 1.2963 -0.00114457 0.479687 29.1887
2.25611 1.29634 -0.000575045 0.503971 29.1888
2.2561 1.29636 -0.00155791 0.521183 29.1888
2.2561 1.29639 0.000649026 0.516875 29.1889
2.25608 1.29641 -0.0013648 0.502272 29.1889
2.25603 1.29644 -0.00191234 0.493437 29.189
2.25598 1.29647 -0.00184294 0.494001 29.1891
2.25597 1.29649 0.00140297 0.48559 29.1891
2.25601 1.29649 -0.00182389 0.470302 29.1964
2.25669 1.29608 0.0316767 0.481407 29.2305
2.25789 1.29543 0.0654764 0.484533 29.2647
2.25954 1.2945 0.0992018 0.486324 29.2988
2.26159 1.29334 0.132893 0.487284 29.3328
2.26451 1.29196 0.166864 0.487708 29.367
2.26858 1.29026 0.201572 0.491399 29.4011
2.27381 1.28829 0.240905 0.489317 29.4352
2.28006 1.28613 0.27904 0.490022 29.4693
2.28754 1.28359 0.31256 0.508479 29.5035
2.29577 1.2813 0.335372 0.515709 29.5374
2.305 1.27884 0.372379 0.519362 29.5716
2.31522 1.27631 0.401541 0.520403 29.6055
2.32691 1.27308 0.444973 0.496142 29.6395
2.33972 1.26939 0.477988 0.465485 29.6738
2.35329 1.26616 0.500997 0.447795 29.7079
2.36807 1.26262 0.525699 0.438258 29.7418
2.38459 1.25838 0.578351 0.459051 29.776
2.40176 1.25433 0.610475 0.468693 29.81
2.41998 1.25034 0.643161 0.477281 29.844
2.43948 1.24602 0.674714 0.468945 29.8782
2.45965 1.24144 0.688099 0.452491 29.9122
2.47992 1.237 0.690131 0.470528 29.9463
2.50091 1.23257 0.747577 0.570644 29.9803
2.52479 1.22841 0.799275 0.684332 30.0145
2.54939 1.22484 0.784793 0.788592 30.0485
2.57465 1.22187 0.804643 0.912835 30.0825
2.60026 1.21969 0.822984 1.09984 30.1165
2.62619 1.2185 0.814248 1.32809 30.1506
2.6519 1.21857 0.800934 1.47082 30.1847
2.67852 1.21967 0.819488 1.65186 30.2187
2.706 1.22183 0.874762 1.89129 30.2529
2.73443 1.22622 0.920112 2.12719 30.2872
2.7634 1.2336 0.945244 2.34088 30.3212
2.79244 1.24388 0.97252 2.54016 30.3553
2.82129 1.25721 1.00529 2.72839 30.3893
2.84938 1.27365 1.00995 2.89032 30.4234
2.87573 1.2926 1.02261 2.97433 30.4574
2.90011 1.31412 1.01789 2.98317 30.4914
2.92192 1.33765 1.00171 2.98541 30.5253
2.94096 1.36291 0.984523 2.98483 30.5595
2.95713 1.38962 0.966312 2.98355 30.5934
2.97034 1.41745 0.948409 2.97906 30.6275
2.98053 1.44609 0.931139 2.97293 30.6615
2.98767 1.47521 0.913691 2.96827 30.6957
2.99179 1.50449 0.89744 2.95762 30.7297
2.99306 1.53363 0.881004 2.9459 30.7638
2.99148 1.56229 0.868058 2.95602 30.7981
2.98693 1.59018 0.854391 2.96178 30.8322
2.97964 1.61736 0.94148 2.7524 30.8663
2.96967 1.64417 0.938107 2.24032 30.9003
2.95728 1.6711 0.948724 1.73575 30.9342
2.94278 1.6983 0.961474 1.37092 30.9683
2.92648 1.72575 0.990092 1.0569 31.0023
2.9087 1.75337 0.990597 0.82159 31.0362
2.88984 1.78096 0.993978 0.677505 31.0704
2.87016 1.80836 0.998271 0.624431 31.1045
2.84982 1.83545 0.998984 0.59829 31.1385
2.82892 1.86214 0.999044 0.574265 31.1726
2.8075 1.88846 0.999578 0.507952 31.2066
2.78565 1.91435 0.999652 0.479227 31.2407
2.76337 1.93991 1.00009 0.453106 31.2749
2.74072 1.96511 0.99762 0.421287 31.309
2.71772 1.98998 0.997325 0.384954 31.3432
2.69439 2.01455 1.0003 0.349175 31.3773
2.67078 2.03885 0.999625 0.31387 31.4113
2.6469 2.0629 0.999404 0.279641 31.4453
2.62279 2.08672 0.999798 0.249469 31.4794
2.59846 2.11037 0.999974 0.217224 31.5133
2.57393 2.13388 1.00036 0.164475 31.5473
2.54924 2.15726 1.00045 0.118907 31.5814
2.52445 2.18055 1.00042 0.1084 31.6153
2.49958 2.20375 1.00039 0.105423 31.6494
2.47462 2.22686 1.00042 0.0769738 31.6836
2.44961 2.24991 1.00046 0.0365064 31.7176
2.42456 2.27293 1.00046 0.0142581 31.7517
2.39951 2.29593 1.00043 0.00798006 31.7858
2.37444 2.31893 1.00044 -0.00693355 31.8199
2.34939 2.34193 1.00046 -0.0359624 31.8541
2.32436 2.36497 1.00047 -0.0611542 31.8881
2.29938 2.38806 1.00045 -0.0728439 31.9225
2.27446 2.41121 1.00043 -0.0826939 31.9565
2.2496 2.43443 1.00043 -0.101778 31.9903
2.22483 2.45773 1.00044 -0.123999 32.0244
2.20015 2.48115 1.00043 -0.138977 32.0583
2.17559 2.50467 1.00041 -0.148386 32.0924
2.15114 2.52832 1.0004 -0.161003 32.1264
2.12683 2.55211 1.0004 -0.178294 32.1604
2.10266 2.57604 1.00039 -0.19351 32.1945
2.07864 2.60013 1.00037 -0.20353 32.2286
2.0548 2.62439 1.00035 -0.213065 32.2627
2.03113 2.64881 1.00033 -0.225809 32.2968
2.00766 2.67342 1.00032 -0.239108 32.331
1.98438 2.69822 1.00031 -0.249425 32.3651
1.96132 2.72322 1.0003 -0.257715 32.3995
1.93847 2.74841 1.00026 -0.267158 32.4333
1.91586 2.77381 1.00025 -0.277955 32.4673
1.89349 2.79943 1.00023 -0.287568 32.5013
1.87137 2.82526 1.00021 -0.295283 32.5354
1.84951 2.85132 1.00021 -0.302746 32.5696
1.82795 2.87757 0.998168 -0.325836 32.6036
1.8067 2.90404 0.998734 -0.354154 32.6374
1.78577 2.93075 0.999716 -0.348722 32.6715
1.76515 2.95772 0.999514 -0.334943 32.7054
1.74484 2.98495 0.99994 -0.329602 32.7396
1.7248 3.01244 1.00016 -0.330403 32.7737
1.70506 3.04017 1.00027 -0.335784 32.8078
1.68564 3.06813 1.00028 -0.34456 32.8419
1.66655 3.09631 1.00076 -0.353789 32.8759
1.6478 3.12472 1.00033 -0.360326 32.9101
1.62943 3.15332 0.999936 -0.38068 32.9443
1.61143 3.18216 0.999975 -0.38724 32.9783
1.59381 3.21124 0.99995 -0.378733 33.0122
1.57657 3.24054 0.999861 -0.37929 33.0464
1.55971 3.27006 0.99982 -0.392272 33.0804
1.54325 3.2998 0.999809 -0.401399 33.1144
1.5272 3.32977 0.999794 -0.400144 33.1485
1.51156 3.35995 0.999339 -0.397059 33.1828
1.49633 3.39034 0.999384 -0.402305 33.2166
1.48152 3.42093 0.999417 -0.412341 33.2509
1.46714 3.45174 0.999464 -0.415723 33.285
1.4532 3.48274 0.99972 -0.412361 33.3189
1.4397 3.51393 1.00119 -0.413591 33.353
1.42664 3.54531 1.00289 -0.421309 33.3872
1.41404 3.57687 1.00484 -0.425827 33.4212
1.40189 3.60861 1.00699 -0.425356 33.4554
1.39025 3.64047 1.01023 -0.441683 33.4893
1.37909 3.67247 1.01317 -0.475682 33.5234
1.36852 3.70454 1.01554 -0.513917 33.5573
1.35853 3.73667 1.01763 -0.553811 33.5914
1.34916 3.76887 1.01898 -0.581893 33.6253
1.34046 3.80115 1.02013 -0.597377 33.6595
1.33371 3.83292 0.999535 -0.542705 33.6934
1.3283 3.86384 0.998919 -0.466753 33.7276
1.32346 3.8948 0.998874 -0.41674 33.7616
1.31907 3.92584 0.998849 -0.393459 33.7957
1.31514 3.95697 0.998892 -0.386356 33.8299
1.31163 3.98818 0.998941 -0.386758 33.864
1.30855 4.01947 0.999002 -0.389949 33.8982
1.3059 4.05084 0.999063 -0.393189 33.9322
1.30356 4.08253 1.00501 -0.391628 33.9663
1.3017 4.11432 1.00178 -0.392114 34.0004
1.30036 4.14597 0.999268 -0.395438 34.0344
1.29954 4.17756 0.999371 -0.399638 34.0684
1.29917 4.20916 0.999544 -0.402633 34.1024
1.29924 4.2408 0.999745 -0.404989 34.1364
1.29977 4.27249 0.99989 -0.406478 34.1705
1.30038 4.30478 1.00724 -0.41969 34.2045
1.30132 4.33729 1.0015 -0.443616 34.2386
1.30291 4.36975 1.00106 -0.456633 34.2726
1.3053 4.40204 1.00191 -0.452919 34.3067
1.30827 4.43391 1.00025 -0.442262 34.3408
1.31144 4.46569 0.998002 -0.430679 34.375
1.31458 4.49751 0.99824 -0.418529 34.409
1.31758 4.52946 1.00049 -0.408923 34.4431
1.32058 4.56128 1.00029 -0.402062 34.4773
1.32366 4.5933 1.00045 -0.409959 34.5114
1.3269 4.62579 1.00058 -0.41564 34.5454
1.33029 4.65849 1.00075 -0.419213 34.5794
1.33385 4.69147 1.0124 -0.429669 34.6135
1.33767 4.72487 1.02286 -0.445935 34.6474
1.34198 4.75832 1.02187 -0.459236 34.6817
1.34687 4.79162 1.02053 -0.46946 34.7156
1.3526 4.82471 1.02198 -0.491898 34.7497
1.35982 4.85755 1.02313 -0.570181 34.7838
1.36766 4.89012 1.02044 -0.604006 34.8178
1.37615 4.92242 1.01778 -0.600725 34.8519
1.38528 4.9545 1.01573 -0.57706 34.8861
1.39504 4.98642 1.01406 -0.547801 34.9202
1.40542 5.0182 1.01254 -0.519407 34.9542
1.41639 5.04987 1.01076 -0.494291 34.9882
1.42792 5.08142 1.00928 -0.471357 35.0223
1.43998 5.11284 1.00782 -0.450214 35.0564
1.45254 5.14413 1.00622 -0.43117 35.0904
1.46559 5.17529 1.00452 -0.412061 35.1244
1.4791 5.20633 1.00305 -0.393331 35.1584
1.49304 5.23723 1.0017 -0.376786 35.1923
1.50741 5.26801 1.00087 -0.360493 35.2263
1.52215 5.29865 1.00079 -0.350537 35.2605
1.53728 5.32914 1.00097 -0.34844 35.2946
1.55277 5.35946 1.00108 -0.349861 35.3288
1.56863 5.3896 1.00112 -0.351595 35.3639
1.58484 5.41955 1.00149 -0.352956 35.3982
1.60141 5.44929 1.00135 -0.355336 35.4322
1.61833 5.47884 1.00137 -0.353609 35.4663
1.63561 5.50818 1.00135 -0.352449 35.5003
1.65324 5.53732 1.00133 -0.351941 35.5344
1.67121 5.56624 1.00132 -0.351874 35.5683
1.68953 5.59495 1.00129 -0.352299 35.6025
1.70819 5.62343 1.00125 -0.352801 35.6366
1.72719 5.65169 1.00122 -0.353027 35.6706
1.74653 5.67972 1.00118 -0.353281 35.7047
1.7662 5.70751 1.00111 -0.353447 35.7387
1.7862 5.73507 1.00097 -0.352936 35.7729
1.80653 5.76238 1.00113 -0.351558 35.8068
1.82719 5.78945 1.00161 -0.348224 35.8411
1.84818 5.81628 1.00175 -0.346181 35.8752
1.86947 5.84286 1.00152 -0.348169 35.9092
1.89108 5.86918 1.00104 -0.355378 35.9433
1.91298 5.89522 1.00078 -0.36444 35.9773
1.93521 5.92098 1.00079 -0.360102 36.0113
1.95774 5.94647 1.00074 -0.350582 36.0454
1.98058 5.97169 1.00066 -0.351225 36.0794
2.00372 5.99663 1.00063 -0.357896 36.1133
2.02716 6.02129 1.00062 -0.358512 36.1474
2.0509 6.04566 1.00059 -0.352951 36.1814
2.07493 6.06974 1.00053 -0.349925 36.2154
2.40712 6.45872 -0.00107626 0.500864 38.2185
2.4079 6.4571 -0.000772903 0.500222 40.2189
2.40968 6.45693 -0.000908312 0.499839 42.2192
2.40971 6.45693 -0.000901162 0.493564 42.2193
2.40974 6.45694 -0.00121761 0.503419 42.2194
2.40977 6.45695 -0.000926697 0.502815 42.2194
2.4098 6.45696 -0.000957678 0.497465 42.2194
2.40983 6.45697 -0.000977449 0.498675 42.2194
2.40986 6.45697 -0.000821068 0.494777 42.2194
2.40988 6.45698 -0.000858895 0.511678 42.2195
2.40991 6.45698 -0.000918141 0.498474 42.2195
2.40994 6.45699 -0.000818914 0.494172 42.2195
2.40997 6.45699 -0.000839665 0.502062 42.246
2.40899 6.45645 0.0330954 0.504046 42.2801
2.40698 6.45529 0.0692544 0.50943 42.314
2.40396 6.45348 0.103533 0.550527 42.3482
2.4 6.45101 0.135516 0.529751 42.3831
2.39514 6.44786 0.169123 0.512491 42.4171
2.38941 6.44399 0.202868 0.503084 42.4512
2.38281 6.43939 0.236698 0.497973 42.4853
2.37536 6.434 0.270579 0.495197 42.5192
2.36708 6.4278 0.304573 0.493764 42.5533
2.35801 6.42076 0.338028 0.493008 42.5874
2.34815 6.41285 0.372044 0.492538 42.6216
2.33753 6.40403 0.406045 0.492138 42.6554
2.32619 6.39428 0.44001 0.491731 42.6894
2.31415 6.38357 0.473921 0.495217 42.7237
2.30142 6.37187 0.508176 0.501068 42.7576
2.28806 6.35916 0.542126 0.501006 42.7919
2.27409 6.34542 0.576123 0.499048 42.826
2.25955 6.33062 0.610152 0.498717 42.86
2.24449 6.31476 0.643947 0.48262 42.8941
2.22923 6.29815 0.670212 0.529354 42.9283
2.21417 6.28113 0.684393 0.644984 42.9624
2.19927 6.2635 0.700958 0.796163 42.9964
2.18456 6.24509 0.71939 0.961684 43.0303
2.17011 6.22574 0.739043 1.12959 43.0646
2.15601 6.20521 0.773002 1.31897 43.0986
2.14209 6.18273 0.79283 1.94357 43.1327
2.12933 6.1588 0.811684 2.18901 43.1669
2.11802 6.13322 0.838443 2.01315 43.201
2.10819 6.10606 0.866189 2.09582 43.2349
2.10016 6.07738 0.887415 2.33853 43.2691
2.09426 6.04753 0.906005 2.47712 43.3031
2.09081 6.01651 0.928109 2.60946 43.3373
2.09012 5.98452 0.949854 2.73886 43.3713
2.09245 5.95181 0.971493 2.86578 43.4054
2.09792 5.9187 0.995686 3.00258 43.4395
2.10682 5.88613 1.01592 3.13913 43.4735
2.11907 5.85536 1.0098 3.18895 43.5078
2.1343 5.82664 1.01079 3.19602 43.542
2.1523 5.80016 1.00345 3.19534 43.58
2.17282 5.77608 0.995473 3.18106 43.6158
2.1956 5.75456 1.00232 3.11551 43.6481
2.21984 5.73615 0.998045 2.99037 43.6812
2.24529 5.7213 0.968217 2.75788 43.7142
2.27218 5.7092 0.971331 2.54419 43.7479
2.30049 5.69961 0.979856 2.33927 43.7817
2.3299 5.69233 0.994552 2.16701 43.8154
2.36018 5.68729 0.98265 2.01756 43.8492
2.39108 5.6844 0.984261 1.89461 43.8831
2.42244 5.68329 0.98637 1.78256 43.917
2.45411 5.68299 0.996008 1.68344 43.9511
2.48577 5.68321 0.996013 1.60482 43.9849
2.51758 5.68452 0.996356 1.53444 44.019
2.54939 5.688 0.997831 1.47433 44.0532
2.58101 5.69355 0.999857 1.42209 44.0872
2.61247 5.701 1.0086 1.39574 44.1213
2.64373 5.71027 1.01305 1.38807 44.1554
2.6747 5.72104 1.01529 1.38633 44.1894
2.70525 5.73324 1.01451 1.37977 44.2234
2.73511 5.74684 1.01037 1.36485 44.2575
2.76415 5.7617 1.00996 1.34787 44.2915
2.79231 5.77779 1.00569 1.33843 44.3253
2.8196 5.79508 1.00429 1.30998 44.3594
2.84601 5.81351 0.998718 1.24828 44.3934
2.87164 5.83308 0.995657 1.13488 44.4275
2.89663 5.85372 0.993049 1.0068 44.4615
2.92105 5.87533 1.00355 0.878933 44.4955
2.94505 5.89787 1.00194 0.732212 44.5298
2.96873 5.92127 0.998968 0.596026 44.564
2.99214 5.94531 1.00163 0.480668 44.598
3.01535 5.96994 1.00602 0.375199 44.6321
3.03835 5.99498 1.00322 0.324836 44.6662
3.06107 6.02028 1.00215 0.34763 44.7002
3.0835 6.04584 1.00109 0.347628 44.7343
3.10564 6.07167 1.00021 0.282149 44.7684
3.12753 6.0977 1.00009 0.217595 44.8023
3.14922 6.1239 0.999939 0.206572 44.8362
3.17073 6.15025 1.00007 0.211819 44.8704
3.19206 6.17675 1.00014 0.180504 44.9044
3.21323 6.20337 1.00058 0.12669 44.9386
3.23429 6.2301 1.00062 0.0967682 44.9727
3.25526 6.25689 1.0006 0.0922739 45.007
3.27614 6.28374 1.00059 0.0778107 45.041
3.29696 6.31065 1.00062 0.0410837 45.0751
3.31774 6.33758 1.00065 0.00688555 45.1091
3.33852 6.36453 1.00064 -0.00787783 45.1433
3.3593 6.39146 1.00063 -0.0179367 45.1773
3.3801 6.41838 1.00063 -0.0411308 45.2114
3.40094 6.44527 1.00066 -0.0709941 45.2453
3.42185 6.47212 1.00066 -0.0913766 45.2794
3.44284 6.49889 1.00065 -0.102845 45.3133
3.46392 6.52559 1.00064 -0.118374 45.3475
3.48511 6.55221 1.00065 -0.141264 45.3814
3.50643 6.57872 1.00065 -0.162347 45.4156
3.5279 6.60512 1.00064 -0.176229 45.4496
3.54952 6.63139 1.00063 -0.188572 45.4837
3.57131 6.65751 1.00063 -0.205546 45.5179
3.59329 6.68349 1.00063 -0.224337 45.552
3.61546 6.70929 1.00062 -0.239203 45.5862
3.63784 6.73491 1.00059 -0.250841 45.6203
3.66043 6.76035 1.00058 -0.263948 45.6543
3.68326 6.78557 1.00057 -0.279419 45.6885
3.70632 6.81058 1.00057 -0.293788 45.7223
3.72963 6.83536 1.00056 -0.30526 45.7564
3.7532 6.85989 1.00054 -0.316311 45.7904
3.77703 6.88417 1.00053 -0.328878 45.8244
3.80113 6.90818 1.00052 -0.341517 45.8584
3.82551 6.9319 1.00051 -0.35275 45.8923
3.85017 6.95534 1.00048 -0.362818 45.9264
3.87512 6.97846 1.00046 -0.372891 45.9604
3.90035 7.00127 1.00045 -0.383943 45.9946
3.92589 7.02374 1.00043 -0.394517 46.0285
3.95172 7.04587 1.00042 -0.403306 46.0625
3.97786 7.06764 1.0004 -0.412293 46.0967
4.00429 7.08904 1.00042 -0.422019 46.1308
4.03099 7.11004 0.997765 -0.449 46.165
4.05799 7.13059 0.998357 -0.486612 46.1991
4.08531 7.15069 0.999767 -0.479652 46.2332
4.11296 7.17035 0.999603 -0.458506 46.2673
4.14092 7.18957 0.998422 -0.46816 46.3013
4.16918 7.20834 0.998505 -0.499351 46.3354
4.19775 7.22663 0.998717 -0.507473 46.3697
4.22663 7.24442 0.998953 -0.501962 46.4042
4.25582 7.26172 0.998567 -0.498117 46.4384
4.2853 7.27852 0.997783 -0.509446 46.4723
4.31507 7.2948 0.997803 -0.520773 46.5063
4.34513 7.31054 0.999483 -0.526161 46.5403
4.37528 7.32566 0.992512 -0.509629 46.5744
4.40548 7.34015 0.98374 -0.500171 46.6083
4.43571 7.35402 0.978131 -0.518942 46.6423
4.46597 7.36727 0.971285 -0.53186 46.6765
4.49624 7.37986 0.963304 -0.534102 46.7106
4.52644 7.39177 0.956447 -0.574613 46.7445
4.55662 7.403 0.952911 -0.588382 46.7785
4.58681 7.41355 0.948626 -0.562404 46.8125
4.61697 7.42346 0.941177 -0.547077 46.8466
4.64714 7.43274 0.936678 -0.537403 46.8807
4.67726 7.44141 0.931157 -0.531449 46.915
4.7073 7.44946 0.925061 -0.554143 46.949
4.73724 7.45689 0.919428 -0.568325 46.9831
4.76709 7.4637 0.913776 -0.559179 47.0171
4.79682 7.46989 0.907955 -0.549705 47.0514
4.82642 7.47547 0.90201 -0.558351 47.0856
4.85588 7.48046 0.896084 -0.572201 47.1195
4.88519 7.48483 0.890197 -0.572987 47.1535
4.91434 7.48861 0.884206 -0.565185 47.1876
4.94331 7.49181 0.878162 -0.565077 47.2215
4.97208 7.4944 0.874023 -0.574191 47.2555
5.00067 7.49643 0.871309 -0.574287 47.2896
5.02907 7.49791 0.864315 -0.555514 47.3237
5.05727 7.49887 0.857616 -0.550375 47.3578
5.08524 7.49933 0.850009 -0.557282 47.392
5.11297 7.49929 0.841547 -0.576858 47.4261
5.14046 7.49872 0.837771 -0.566688 47.4602
5.16767 7.49755 0.829738 -0.553415 47.4945
5.19457 7.49586 0.820222 -0.583498 47.5284
5.22111 7.49365 0.809989 -0.619792 47.5625
5.24726 7.49091 0.799036 -0.65647 47.5964
5.27298 7.48763 0.79005 -0.687941 47.6304
5.29828 7.4838 0.782023 -0.70199 47.6644
5.32317 7.47944 0.774477 -0.698622 47.6984
5.34768 7.47453 0.765908 -0.689871 47.7324
5.37184 7.4691 0.759496 -0.675581 47.7664
5.39566 7.46313 0.756847 -0.633089 47.8004
5.41923 7.45671 0.751891 -0.567681 47.8344
5.44258 7.44987 0.744756 -0.503104 47.8685
5.46559 7.44269 0.731691 -0.533371 47.9025
5.48819 7.43518 0.72274 -0.60264 47.9368
5.51038 7.4273 0.716894 -0.599128 47.9711
5.5322 7.41906 0.709266 -0.538315 48.0053
5.55365 7.4105 0.698536 -0.515676 48.0393
5.57472 7.40165 0.68732 -0.555098 48.0736
5.59539 7.3925 0.677036 -0.586182 48.1076
5.61565 7.38304 0.667184 -0.562761 48.1414
5.63553 7.37328 0.659115 -0.515487 48.1754
5.6551 7.36328 0.649724 -0.476961 48.2092
5.67427 7.35307 0.640477 -0.511037 48.2434
5.69306 7.34264 0.632211 -0.550943 48.2774
5.71145 7.33199 0.624746 -0.532988 48.3117
5.72942 7.32117 0.616629 -0.501336 48.3455
5.74695 7.31017 0.60749 -0.544 48.3797
5.76407 7.29899 0.602377 -0.572719 48.4138
5.7808 7.28766 0.596625 -0.546557 48.4481
5.79711 7.27611 0.590021 -0.519403 48.4822
5.81306 7.26437 0.584183 -0.501958 48.5162
5.82865 7.25249 0.57566 -0.493389 48.5502
5.84384 7.24053 0.568748 -0.535862 48.5843
5.85862 7.22841 0.56332 -0.524664 48.6184
5.87302 7.21619 0.557073 -0.505713 48.6523
5.88705 7.20387 0.550437 -0.49083 48.6864
5.90073 7.19143 0.544132 -0.483798 48.7205
5.91406 7.17891 0.537737 -0.481004 48.7545
5.92703 7.16632 0.531249 -0.479878 48.7886
5.93964 7.15368 0.524823 -0.478969 48.8226
5.95189 7.14099 0.518389 -0.477499 48.8566
5.96379 7.12826 0.512207 -0.47538 48.8908
5.97534 7.11549 0.506089 -0.471592 48.9249
5.98655 7.10271 0.500142 -0.46942 48.9591
5.99741 7.0899 0.493739 -0.470837 48.993
6.00793 7.07709 0.487564 -0.473042 49.0271
6.01809 7.06428 0.481256 -0.484392 49.0613
6.02793 7.05147 0.475543 -0.472672 49.0953
6.03745 7.03865 0.469874 -0.450559 49.1293
6.04666 7.02585 0.463848 -0.447761 49.1633
6.05556 7.01307 0.457977 -0.461182 49.1973
6.06415 7.00031 0.452254 -0.463573 49.2314
6.07243 6.98759 0.446571 -0.449603 49.2655
6.08042 6.9749 0.440861 -0.439517 49.2996
6.08811 6.96226 0.435214 -0.443489 49.3336
6.09552 6.94967 0.429683 -0.448479 49.3677
6.10264 6.93713 0.424213 -0.442565 49.4021
6.10948 6.92464 0.418747 -0.432613 49.436
6.11606 6.91222 0.413312 -0.430095 49.4701
6.12236 6.89987 0.407962 -0.432918 49.5044
6.12841 6.88758 0.402689 -0.431357 49.5384
6.1342 6.87537 0.39745 -0.424218 49.5724
6.13974 6.86324 0.392237 -0.418894 49.6064
6.14503 6.85119 0.38709 -0.418516 49.6405
6.15008 6.83922 0.382009 -0.418122 49.6744
6.1549 6.82734 0.376978 -0.413757 49.7084
6.15949 6.81556 0.371987 -0.408184 49.7424
6.16386 6.80387 0.367046 -0.405378 49.7764
6.16801 6.79227 0.362166 -0.404331 49.8105
6.17194 6.78078 0.357343 -0.401599 49.8446
6.17567 6.76938 0.352565 -0.39696 49.8786
6.17919 6.75809 0.347686 -0.396587 49.9126
6.18252 6.74691 0.343069 -0.391465 49.9467
6.18565 6.73583 0.338483 -0.386492 49.9811
6.1886 6.72486 0.333943 -0.384351 50.0151
6.19136 6.71399 0.329461 -0.382735 50.0491
6.19395 6.70324 0.325031 -0.379236 50.0832
6.19637 6.69261 0.320645 -0.374663 50.1173
6.19862 6.68208 0.316373 -0.371638 50.1513
6.20071 6.67168 0.312554 -0.369242 50.1853
6.20264 6.66139 0.308991 -0.365474 50.2192
6.20443 6.65122 0.305736 -0.361193 50.2533
6.20606 6.64117 0.302877 -0.357667 50.2873
6.20755 6.63123 0.300557 -0.354839 50.3218
6.2089 6.62142 0.297644 -0.351636 50.3557
6.21012 6.61172 0.294328 -0.34779 50.3898
6.2112 6.60214 0.291124 -0.344146 50.4246
6.21216 6.59268 0.2878 -0.341114 50.4587
6.213 6.58334 0.284575 -0.33811 50.4926
6.21372 6.57412 0.281392 -0.334659 50.5267
6.21433 6.56502 0.278231 -0.331072 50.5606
6.21482 6.55604 0.274708 -0.327863 50.5944
6.21521 6.54717 0.271589 -0.324873 50.6285
6.21549 6.53843 0.268035 -0.321705 50.6627
6.21568 6.5298 0.264662 -0.318298 50.6967
6.21576 6.5213 0.261339 -0.314915 50.7308
6.21576 6.51291 0.258192 -0.311954 50.7648
6.21567 6.50463 0.254511 -0.309002 50.7988
6.21549 6.49648 0.251603 -0.305761 50.8329
6.21523 6.48844 0.247725 -0.302552 50.867
6.21489 6.48051 0.244767 -0.299518 50.9011
6.21448 6.4727 0.241296 -0.296608 50.9352
6.214 6.465 0.237995 -0.293629 50.9693
6.21344 6.45741 0.233163 -0.290574 51.0032
6.21282 6.44992 0.226436 -0.287612 51.0373
6.21213 6.44253 0.219212 -0.284828 51.0713
6.21138 6.43525 0.21039 -0.282328 51.1054
6.21057 6.4281 0.204837 -0.278782 51.1395
6.20971 6.42107 0.202899 -0.275635 51.1733
6.20879 6.41414 0.20045 -0.273045 51.2074
6.20782 6.40733 0.198593 -0.270328 51.2414
6.20681 6.40061 0.196584 -0.267441 51.2755
6.20575 6.394 0.194736 -0.264617 51.3097
6.20465 6.3875 0.192966 -0.262015 51.3436
6.20351 6.3811 0.191227 -0.259413 51.3779
6.20233 6.3748 0.188827 -0.255996 51.412
6.20111 6.36859 0.186193 -0.253677 51.4462
6.19986 6.36248 0.183604 -0.251315 51.4803
6.19858 6.35649 0.180065 -0.253541 51.5143
6.19728 6.35062 0.177428 -0.270335 51.5483
6.19594 6.34486 0.175966 -0.263973 51.5825
6.19456 6.33917 0.17381 -0.242695 51.6164
6.19316 6.33358 0.170771 -0.235016 51.6505
6.19173 6.32804 0.168426 -0.228701 51.6845
6.19027 6.32259 0.165915 -0.223768 51.7185
6.18879 6.31724 0.163338 -0.226919 51.7527
6.1873 6.31197 0.160948 -0.226882 51.7867
6.18579 6.30679 0.158639 -0.220484 51.8208
6.18426 6.3017 0.156309 -0.214539 51.8549
6.18272 6.2967 0.154002 -0.213893 51.8891
6.18117 6.29178 0.151756 -0.214466 51.9231
6.1796 6.28694 0.149549 -0.211208 51.9573
6.17802 6.28219 0.147354 -0.205873 51.9913
6.17643 6.27751 0.145164 -0.203004 52.0253
6.17484 6.27292 0.143033 -0.202547 52.0594
6.17323 6.2684 0.140939 -0.200862 52.0935
6.17162 6.26397 0.13887 -0.196926 52.1277
6.17001 6.2596 0.136821 -0.193324 52.1617
6.16839 6.25532 0.134804 -0.191637 52.1958
6.16676 6.2511 0.132821 -0.190279 52.2298
6.16514 6.24696 0.130866 -0.187524 52.2639
6.16351 6.24289 0.128934 -0.184122 52.2981
6.16188 6.23889 0.127027 -0.181666 52.3322
6.16025 6.23496 0.125151 -0.180031 52.3662
6.15862 6.2311 0.123303 -0.177916 52.4003
6.15699 6.2273 0.12148 -0.175034 52.4344
6.15536 6.22357 0.119679 -0.172334 52.4684
6.15373 6.21991 0.117906 -0.170325 52.5023
6.15211 6.2163 0.11616 -0.168402 52.5364
6.15049 6.21277 0.114438 -0.165986 52.5705
6.14888 6.20929 0.112739 -0.163381 52.6046
6.14727 6.20587 0.111064 -0.161142 52.6386
6.14566 6.20252 0.109413 -0.159187 52.6728
6.14406 6.19922 0.107787 -0.157056 52.7068
6.14247 6.19598 0.106395 -0.156675 52.7409
6.14089 6.19279 0.104857 -0.155319 52.775
6.1393 6.18966 0.103347 -0.149232 52.809
6.13773 6.18658 0.101853 -0.146402 52.8433
6.13617 6.18356 0.100388 -0.147012 52.8773
6.13461 6.18058 0.0989501 -0.146326 52.9114
6.13306 6.17766 0.0975263 -0.142533 52.9454
6.13152 6.17478 0.0961164 -0.138871 52.9795
6.12998 6.17196 0.0947309 -0.137749 53.0134
6.12846 6.16918 0.0933724 -0.137305 53.0475
6.12695 6.16645 0.0919371 -0.13559 53.0815
6.12544 6.16376 0.0899409 -0.131465 53.1157
6.12395 6.16112 0.0880571 -0.128732 53.1496
6.12247 6.15852 0.0864398 -0.128183 53.1834
