0.495675 0.01
0.495673 0.02
0.495027 0.03
0.493672 0.04
0.491816 0.05
0.48947 0.06
0.486515 0.07
0.482975 0.08
0.478907 0.09
0.474285 0.1
0.469082 0.11
0.463319 0.12
0.457006 0.13
0.450127 0.14
0.4438 0.15
0.443871 0.16
0.451855 0.17
0.455958 0.18
0.456689 0.19
0.46032 0.2
0.465516 0.21
0.469164 0.22
0.472486 0.23
0.476929 0.24
0.481599 0.25
0.485869 0.26
0.490316 0.27
0.495183 0.28
0.500114 0.29
0.505036 0.3
0.510148 0.31
0.515455 0.32
0.520847 0.33
0.52634 0.34
0.531989 0.35
0.537772 0.36
0.543659 0.37
0.549666 0.38
0.555807 0.39
0.562069 0.4
0.568446 0.41
0.57494 0.42
0.581554 0.43
0.588284 0.44
0.59513 0.45
0.602093 0.46
0.609537 0.47
0.617826 0.48
0.626056 0.49
0.633989 0.5
0.642142 0.51
0.650598 0.52
0.65907 0.53
0.667534 0.54
0.676142 0.55
0.684891 0.56
0.693694 0.57
0.702539 0.58
0.711452 0.59
0.720469 0.6
0.729519 0.61
0.738477 0.62
0.744374 0.63
0.736154 0.64
0.728004 0.65
0.720186 0.66
0.712879 0.67
0.705907 0.68
0.699201 0.69
0.692858 0.7
0.686884 0.71
0.681224 0.72
0.675884 0.73
0.670881 0.74
0.666202 0.75
0.661835 0.76
0.657785 0.77
0.65405 0.78
0.650617 0.79
0.647481 0.8
0.644649 0.81
0.642117 0.82
0.639875 0.83
0.637917 0.839999
0.636244 0.849999
0.634858 0.859999
0.633754 0.869999
0.632924 0.879999
0.632361 0.889999
0.632069 0.899999
0.632047 0.909999
0.632287 0.919999
0.632786 0.929999
0.633539 0.939999
0.634548 0.949999
0.635811 0.959999
0.637322 0.969999
0.639076 0.979999
0.641073 0.989999
0.643309 0.999999
0.645784 1.01
0.648491 1.02
0.651427 1.03
0.654589 1.04
0.657977 1.05
0.661586 1.06
0.665411 1.07
0.66945 1.08
0.6737 1.09
0.678157 1.1
0.682818 1.11
0.687679 1.12
0.692735 1.13
0.697984 1.14
0.70342 1.15
0.709039 1.16
0.714837 1.17
0.72081 1.18
0.726954 1.19
0.733261 1.2
0.739729 1.21
0.746354 1.22
0.753129 1.23
0.760046 1.24
0.767103 1.25
0.774295 1.26
0.781613 1.27
0.789049 1.28
0.796602 1.29
0.804265 1.3
0.812028 1.31
0.816815 1.32
0.814862 1.33
0.813084 1.34
0.811514 1.35
0.810148 1.36
0.808991 1.37
0.808036 1.38
0.807271 1.39
0.806696 1.4
0.806314 1.41
0.806117 1.42
0.806092 1.43
0.806243 1.44
0.806573 1.45
0.807069 1.46
0.807722 1.47
0.808539 1.48
0.809519 1.49
0.810649 1.5
0.811923 1.51
0.813355 1.52
0.814949 1.53
0.816668 1.54
0.818509 1.55
0.820492 1.56
0.822606 1.57
0.824829 1.58
0.827164 1.59
0.829629 1.6
0.832206 1.61
0.834882 1.62
0.837671 1.63
0.840569 1.64
0.843563 1.65
0.846646 1.66
0.849829 1.67
0.853102 1.68
0.85645 1.69
0.859875 1.7
0.863382 1.71
0.866956 1.72
0.870595 1.73
0.874305 1.74
0.87808 1.75
0.881902 1.76
0.880689 1.77
0.877015 1.78
0.873527 1.79
0.870222 1.8
0.867088 1.81
0.864131 1.82
0.861353 1.83
0.858747 1.84
0.856269 1.85
0.853958 1.86
0.851848 1.87
0.849941 1.88
0.848221 1.89
0.846681 1.9
0.8453 1.91
0.844077 1.92
0.843029 1.93
0.842149 1.94
0.841425 1.95
0.840859 1.96
0.840458 1.97
0.840212 1.98
0.840117 1.99
0.840174 2
0.840383 2.01
0.840741 2.02
0.841241 2.03
0.841884 2.04
0.842668 2.05
0.843589 2.06
0.844645 2.07
0.845834 2.08
0.847154 2.09
0.8486 2.1
0.85017 2.11
0.851862 2.12
0.853671 2.13
0.855598 2.14
0.857636 2.15
0.859783 2.16
0.862035 2.17
0.864391 2.18
0.866845 2.19
0.869396 2.2
0.87204 2.21
0.874772 2.22
0.87759 2.23
0.88049 2.24
0.883469 2.25
0.886522 2.26
0.889647 2.27
0.89284 2.28
0.896096 2.29
0.899412 2.3
0.902783 2.31
0.906207 2.32
0.909679 2.33
0.913194 2.34
0.91675 2.35
0.920341 2.36
0.923965 2.37
0.924108 2.38
0.92317 2.39
0.922329 2.4
0.921589 2.41
0.920948 2.42
0.920403 2.43
0.919953 2.44
0 2.45
0 2.46
0 2.47
0 2.48
0 2.49
0 2.5
0 2.51
0 2.52
0 2.53
0 2.54
0 2.55
0 2.56
0 2.57
0 2.58
0 2.59
0 2.6
0 2.61
0 2.62
0 2.63
0 2.64
0 2.65
0 2.66
0 2.67
0 2.68
0 2.69
0 2.7
0 2.71
0 2.72
0 2.73
0 2.74
0 2.75
0 2.76
0 2.77
0 2.78
0 2.79
0 2.8
0 2.81
0 2.82
0 2.83
0 2.84
0 2.85
0 2.86
0 2.87
0 2.88
0 2.89
0 2.9
0 2.91
0 2.92
0 2.93
0 2.94
0 2.95
0 2.96
0 2.97
0 2.98
0 2.99
0 3
