6.99866e-05 -1.00857e-06
7.00026e-05 -1.00864e-06
0.00122435 -9.56398e-07
0.00353415 -5.06509e-07
0.00699923 9.27742e-07
0.01162 3.44738e-06
0.0173961 7.4681e-06
0.0243276 1.3411e-05
0.0324147 2.16276e-05
0.0416572 3.25001e-05
0.0520552 4.63483e-05
0.0636087 6.3654e-05
0.0763177 8.4694e-05
0.0901822 0.000109798
0.105049 0.000134345
0.120361 0.000107344
0.13547 -0.000102536
0.150571 -0.00051946
0.165932 -0.00107842
0.181433 -0.00177983
0.196953 -0.00266209
0.212582 -0.00372581
0.228376 -0.00495755
0.244282 -0.00636438
0.260284 -0.0079582
0.276418 -0.00974024
0.29269 -0.0117105
0.309085 -0.0138748
0.325605 -0.016239
0.342263 -0.0188059
0.359057 -0.0215791
0.375986 -0.0245633
0.393054 -0.0277633
0.410263 -0.0311831
0.427613 -0.034827
0.445107 -0.0386996
0.462745 -0.0428052
0.480528 -0.0471479
0.498459 -0.0517319
0.516537 -0.0565617
0.534763 -0.0616418
0.553139 -0.0669762
0.571664 -0.0725691
0.59034 -0.0784246
0.609165 -0.0845472
0.628142 -0.0909412
0.647271 -0.0976106
0.66652 -0.104549
0.685891 -0.111771
0.705409 -0.119301
0.725109 -0.127154
0.744992 -0.135326
0.765038 -0.143816
0.785246 -0.152633
0.805627 -0.161784
0.826179 -0.171267
0.846895 -0.181087
0.867776 -0.191246
0.888825 -0.201756
0.910041 -0.212608
0.931424 -0.223805
0.952975 -0.235352
0.974701 -0.247252
0.996611 -0.259506
1.01861 -0.272053
1.04026 -0.284636
1.06158 -0.297263
1.08256 -0.309924
1.10323 -0.322616
1.1236 -0.335341
1.14368 -0.348098
1.16348 -0.360885
1.18302 -0.373701
1.20231 -0.386546
1.22135 -0.399421
1.24017 -0.412325
1.25877 -0.425259
1.27717 -0.438223
1.29538 -0.451219
1.3134 -0.464247
1.33125 -0.477309
1.34894 -0.490405
1.36649 -0.503537
1.38389 -0.516707
1.40117 -0.529917
1.41833 -0.543169
1.43538 -0.556465
1.45234 -0.569807
1.46921 -0.583197
1.48601 -0.596637
1.50273 -0.610131
1.5194 -0.623679
1.53603 -0.637284
1.55261 -0.65095
1.56916 -0.664678
1.5857 -0.67847
1.60222 -0.692329
1.61874 -0.706259
1.63526 -0.72026
1.6518 -0.734336
1.66836 -0.74849
1.68496 -0.762723
1.70159 -0.777038
1.71827 -0.791438
1.73501 -0.805925
1.75181 -0.820501
1.76869 -0.835168
1.78565 -0.849929
1.80269 -0.864785
1.81984 -0.879739
1.83708 -0.894793
1.85444 -0.909948
1.87192 -0.925206
1.88953 -0.940568
1.90727 -0.956037
1.92516 -0.971613
1.9432 -0.987297
1.96139 -1.00309
1.97975 -1.019
1.99828 -1.03501
2.01699 -1.05114
2.03588 -1.06738
2.05497 -1.08373
2.07426 -1.1002
2.09375 -1.11678
2.11346 -1.13347
2.13339 -1.15027
2.15354 -1.16718
2.17393 -1.18421
2.19455 -1.20134
2.21542 -1.21858
2.23653 -1.23593
2.25791 -1.25338
2.27947 -1.27088
2.30103 -1.28826
2.3226 -1.30554
2.34419 -1.32271
2.3658 -1.33978
2.38745 -1.35674
2.40912 -1.37361
2.43084 -1.39038
2.45261 -1.40705
2.47443 -1.42363
2.49631 -1.44011
2.51826 -1.45651
2.54027 -1.47282
2.56236 -1.48904
2.58454 -1.50518
2.60679 -1.52123
2.62914 -1.53721
2.65158 -1.55311
2.67413 -1.56893
2.69678 -1.58468
2.71954 -1.60035
2.74241 -1.61596
2.7654 -1.63149
2.78852 -1.64696
2.81176 -1.66236
2.83512 -1.67769
2.85862 -1.69296
2.88226 -1.70817
2.90603 -1.72332
2.92995 -1.73841
2.95401 -1.75345
2.97822 -1.76842
3.00258 -1.78334
3.02709 -1.79821
3.05175 -1.81303
3.07657 -1.82779
3.10155 -1.84251
3.12669 -1.85717
3.15199 -1.8718
3.17746 -1.88637
3.20309 -1.9009
3.22889 -1.91539
3.25484 -1.92984
3.28096 -1.94424
3.30726 -1.95859
3.33359 -1.97283
3.35985 -1.9869
3.38606 -2.00083
3.41222 -2.01461
3.43834 -2.02826
3.46441 -2.04176
3.49044 -2.05514
3.51643 -2.06839
3.54239 -2.08153
3.56833 -2.09455
3.59424 -2.10746
3.62013 -2.12027
3.646 -2.13297
3.67186 -2.14559
3.69772 -2.15812
3.72357 -2.17056
3.74941 -2.18293
3.77526 -2.19523
3.80112 -2.20746
3.82698 -2.21962
3.85286 -2.23173
3.87875 -2.24378
3.90467 -2.25578
3.93061 -2.26774
3.95657 -2.27966
3.98257 -2.29155
4.0086 -2.3034
4.03466 -2.31523
4.06076 -2.32704
4.08691 -2.33883
4.1131 -2.35061
4.13934 -2.36237
4.16563 -2.37414
4.19198 -2.3859
4.21838 -2.39766
4.24484 -2.40944
4.27136 -2.42122
4.29795 -2.43302
4.3246 -2.44484
4.35133 -2.45669
4.37813 -2.46856
4.405 -2.48046
4.43195 -2.4924
4.45898 -2.50438
4.48609 -2.5164
4.51328 -2.52846
4.54055 -2.54057
4.56791 -2.55274
4.59536 -2.56496
4.62289 -2.57725
4.65051 -2.58959
4.67823 -2.602
4.70603 -2.61448
4.73393 -2.62703
4.76192 -2.63965
4.79 -2.65235
4.81817 -2.66513
4.84644 -2.67799
4.8748 -2.69094
4.90325 -2.70397
4.9318 -2.71709
4.96033 -2.73025
4.98881 -2.74344
5.01725 -2.75667
5.04564 -2.76992
5.07399 -2.78321
5.10231 -2.79654
5.13059 -2.80991
5.14376 -2.81619
5.15547 -2.82192
5.16606 -2.82729
5.17557 -2.83222
5.18402 -2.83669
5.1914 -2.84071
5.19772 -2.84424
5.20301 -2.84726
5.20727 -2.84975
5.21051 -2.85169
5.21275 -2.85305
5.21399 -2.85383
5.21448 -2.85413
5.21449 -2.85414
5.2145 -2.85414
5.2145 -2.85414
5.21451 -2.85415
5.21452 -2.85415
5.21452 -2.85415
5.21452 -2.85415
5.21453 -2.85415
5.21453 -2.85415
5.21453 -2.85415
5.21453 -2.85415
5.21452 -2.85415
5.21452 -2.85415
5.21452 -2.85414
5.21451 -2.85414
5.2145 -2.85414
5.2145 -2.85413
5.21449 -2.85413
5.21448 -2.85412
5.21447 -2.85411
5.21446 -2.85411
5.21444 -2.8541
5.21443 -2.85409
5.21441 -2.85408
5.2144 -2.85407
5.21438 -2.85406
5.21436 -2.85405
5.21434 -2.85404
5.21433 -2.85403
5.21431 -2.85402
5.21429 -2.85401
5.21427 -2.854
5.21426 -2.85399
5.21424 -2.85399
5.21423 -2.85398
5.21422 -2.85397
5.21421 -2.85397
5.2142 -2.85397
5.2142 -2.85397
5.21419 -2.85397
5.21419 -2.85397
5.21418 -2.85397
5.21418 -2.85398
5.21418 -2.85398
5.21418 -2.85398
5.21418 -2.85399
5.21418 -2.85399
5.21419 -2.854
5.21419 -2.854
5.21419 -2.85401
5.2142 -2.85401
5.2142 -2.85402
5.21421 -2.85402
5.21421 -2.85403
5.21422 -2.85403
5.21423 -2.85403
5.21423 -2.85404
5.21424 -2.85404
